m0 :  63 1 2 3 4 7 6 92 11 93 78 12 51 31 46 54 17 15 19 53 61 50 91 24 25 26 87 28 85 23 33 34 8 0 37 36 52 41 76 89 45 13 49 55 56 48 58 57 60 44 65 66 88 21 75 69 64 80 82 77 84 67 29 68 94 5 9 10 14 16 18 20 22 27 30 32 35 38 39 40 42 43 47 59 62 70 71 72 73 74 79 81 83 86 90
m1 :  3 19 7 48 4 63 6 8 9 10 15 81 74 42 16 17 18 61 30 79 29 51 68 62 27 28 34 73 35 80 82 91 52 78 40 49 47 11 77 55 84 50 86 64 88 57 58 59 44 1 5 31 67 69 70 43 76 45 89 41 93 90 0 2 12 13 14 20 21 22 23 24 25 26 32 33 36 37 38 39 46 53 54 56 60 65 66 71 72 75 83 85 87 92 94
m2 :  80 1 2 3 93 43 6 7 8 10 33 12 82 15 40 88 18 32 20 21 69 73 81 28 65 30 5 54 31 67 36 60 38 39 55 23 44 45 66 94 11 50 46 56 87 53 61 77 58 63 68 16 41 71 48 85 78 25 24 90 86 52 92 0 4 9 13 14 17 19 22 26 27 29 34 35 37 42 47 49 51 57 59 62 64 70 72 74 75 76 79 83 84 89 91
m3 :  0 78 2 42 4 5 6 19 8 10 26 12 37 14 15 16 33 18 20 21 86 93 89 28 66 69 32 34 35 38 29 40 65 43 44 87 48 92 76 53 75 56 45 58 72 3 79 22 82 55 68 83 7 74 59 60 81 67 11 84 61 36 94 1 9 13 17 23 24 25 27 30 31 39 41 46 47 49 50 51 52 54 57 62 63 64 70 71 73 77 80 85 88 90 91
m4 :  61 90 89 26 4 9 6 81 8 46 10 11 12 78 41 62 84 17 74 19 20 21 15 23 93 53 27 28 80 54 31 48 33 34 63 66 30 43 25 45 47 49 51 52 69 55 56 58 60 0 24 67 88 71 72 7 73 79 35 85 2 18 1 3 5 13 14 16 22 29 32 36 37 38 39 40 42 44 50 57 59 64 65 68 70 75 76 77 82 83 86 87 91 92 94
m5 :  0 1 87 3 4 25 34 36 69 78 75 11 53 13 14 52 28 17 18 19 61 21 23 76 26 93 29 30 31 12 83 37 88 39 81 41 51 67 45 46 58 73 50 54 55 47 63 64 65 89 68 70 72 15 79 56 82 84 92 85 57 44 2 5 6 7 8 9 10 16 20 22 24 27 32 33 35 38 40 42 43 48 49 59 60 62 66 71 74 77 80 86 90 91 94
m6 :  0 1 50 48 4 70 6 57 88 9 19 51 12 64 23 15 37 18 62 49 30 22 24 86 80 28 29 16 31 32 34 35 61 83 77 63 27 78 13 81 93 39 55 56 58 59 73 84 69 17 68 74 46 87 76 33 82 3 89 5 91 60 7 2 8 10 11 14 20 21 25 26 36 38 40 41 42 43 44 45 47 52 53 54 65 66 67 71 72 75 79 85 90 92 94
m7 :  22 65 2 3 64 5 6 20 8 25 10 73 12 13 84 15 58 75 45 21 68 9 52 60 50 28 29 30 67 32 33 26 36 37 38 39 56 77 43 44 31 46 47 48 71 54 55 57 59 78 85 63 66 89 87 72 1 74 94 90 82 88 92 86 0 4 7 11 14 16 17 18 19 23 24 27 34 35 40 41 42 49 51 53 61 62 69 70 76 79 80 81 83 91 93
m8 :  87 11 2 3 4 5 20 76 35 49 12 28 13 14 59 16 18 19 37 21 72 65 0 7 45 55 46 25 30 52 32 33 34 36 38 51 40 41 93 84 86 57 48 42 29 56 53 66 31 89 58 80 43 27 92 22 6 61 71 74 94 77 78 79 81 8 1 9 10 15 17 23 24 26 39 44 47 50 54 60 62 63 64 67 68 69 70 73 75 82 83 85 88 90 91
m9 :  0 1 2 23 28 86 6 7 8 26 11 12 13 43 15 62 17 18 19 58 27 59 16 49 24 33 29 20 31 34 38 61 37 46 40 41 89 53 51 47 48 84 85 54 55 56 90 74 63 64 60 68 69 10 72 14 42 93 78 21 76 81 30 44 9 3 4 5 22 25 32 35 36 39 45 50 52 57 65 66 67 70 71 73 75 77 79 80 82 83 87 88 91 92 94
m10 :  0 1 2 31 4 79 33 91 94 70 85 44 13 45 15 53 17 18 88 11 21 81 23 24 25 26 68 28 29 89 93 61 37 51 63 48 41 42 43 46 87 49 50 92 54 58 52 60 30 65 67 62 71 72 73 75 7 76 78 66 64 59 36 84 3 5 6 8 9 10 12 14 16 19 20 22 27 32 34 35 38 39 40 47 55 56 57 69 74 77 80 82 83 86 90
m11 :  6 18 61 27 4 5 7 54 9 37 69 88 74 31 29 16 17 19 13 71 53 38 36 66 55 32 91 80 39 34 35 0 76 73 77 42 52 65 50 49 82 56 57 81 51 84 62 58 67 68 70 24 26 93 59 78 33 87 10 63 15 2 12 1 3 8 11 14 20 21 22 23 25 28 30 40 41 43 44 45 46 47 48 60 64 72 75 79 83 85 86 89 90 92 94
m12 :  62 1 37 3 29 5 6 7 8 86 10 79 12 93 89 59 43 21 94 60 90 25 84 27 28 58 30 31 32 65 40 36 38 44 54 77 20 92 45 55 47 91 52 53 56 48 61 63 64 66 67 68 15 72 75 76 78 9 16 82 83 87 46 73 0 2 4 11 13 14 17 18 19 22 23 24 26 33 34 35 39 41 42 49 50 51 57 69 70 71 74 80 81 85 88
m13 :  16 31 94 11 4 5 6 21 8 87 10 22 12 13 14 15 29 30 19 20 23 40 78 72 27 33 32 34 93 92 37 42 28 45 41 46 48 59 36 39 52 53 82 56 7 60 77 65 66 67 44 24 73 74 75 69 26 35 79 88 89 18 0 1 2 3 9 17 25 38 43 47 49 50 51 54 55 57 58 61 62 63 64 68 70 71 76 80 81 83 84 85 86 90 91
m14 :  52 1 12 17 38 36 6 19 8 46 10 11 20 13 66 2 90 43 85 21 23 24 58 26 34 31 48 89 61 35 29 37 81 41 56 69 18 45 47 64 51 60 54 27 42 28 62 63 72 67 68 14 80 74 79 55 49 53 84 33 92 93 0 3 4 5 7 9 15 16 22 25 30 32 39 40 44 50 57 59 65 70 71 73 75 76 77 78 82 83 86 87 88 91 94
m15 :  88 1 76 3 4 5 19 7 51 75 36 11 17 13 46 15 62 18 23 80 16 24 28 26 29 30 31 32 64 37 22 53 87 67 72 41 25 68 44 85 57 73 50 54 55 56 58 45 49 61 77 63 65 38 12 82 92 0 52 21 84 79 91 94 2 6 8 9 10 14 20 27 33 34 35 39 40 42 43 47 48 59 60 66 69 70 71 74 78 81 83 86 89 90 93
m16 :  18 1 2 3 80 31 27 7 64 9 6 76 26 13 28 15 16 51 55 29 88 77 24 8 40 37 84 67 82 35 33 63 93 48 52 57 19 4 46 73 49 50 53 54 42 59 81 39 91 86 68 69 70 17 56 74 78 79 66 0 5 87 36 10 11 12 14 20 21 22 23 25 30 32 34 38 41 43 44 45 47 58 60 61 62 65 71 72 75 83 85 89 90 92 94
m17 :  2 1 82 3 56 5 63 7 8 90 10 85 12 13 89 43 87 33 50 9 20 60 30 40 84 25 27 6 28 39 31 32 44 45 4 36 37 38 71 41 29 46 47 75 52 53 54 55 57 58 59 86 65 67 68 11 70 48 77 78 18 66 94 0 14 15 16 17 19 21 22 23 24 26 34 35 42 49 51 61 62 64 69 72 73 74 76 79 80 81 83 88 91 92 93
m18 :  0 1 56 80 4 5 34 79 37 27 31 20 12 13 14 72 16 3 89 19 21 55 33 93 2 36 29 30 76 35 38 73 40 41 7 66 44 45 46 94 82 6 51 52 90 65 78 74 32 53 54 69 58 87 77 81 92 84 86 67 59 48 8 9 10 11 15 17 18 22 23 24 25 26 28 39 42 43 47 49 50 57 60 61 62 63 64 68 70 71 75 83 85 88 91
m19 :  0 1 16 76 4 74 69 26 8 91 20 11 12 27 84 15 51 17 68 48 10 93 56 66 90 28 29 22 33 34 52 85 38 32 41 18 43 89 46 58 49 78 55 61 60 62 64 67 24 71 81 13 37 80 47 86 6 94 2 3 5 7 9 14 19 21 23 25 30 31 35 36 39 40 42 44 45 50 53 54 57 59 63 65 70 72 73 75 77 79 82 83 87 88 92
m20 :  0 4 74 54 23 6 65 68 52 13 11 12 78 92 57 17 85 51 31 21 81 53 49 25 26 47 28 29 30 1 94 45 35 36 37 63 39 22 41 34 16 44 61 50 56 38 46 73 24 84 64 82 88 93 55 75 72 7 76 89 79 80 19 83 58 91 15 67 14 2 3 5 8 9 10 18 20 27 32 33 40 42 43 48 59 60 62 66 69 70 71 77 86 87 90
m21 :  31 1 8 3 84 5 4 7 79 9 26 28 88 78 41 15 19 17 18 58 52 72 82 71 59 2 27 73 29 30 32 69 62 35 36 37 65 39 40 42 20 60 12 46 64 48 50 51 55 54 24 57 61 63 67 68 0 74 87 80 81 76 77 93 70 6 10 11 13 14 16 21 22 23 25 33 34 38 43 44 45 47 49 53 56 66 75 83 85 86 89 90 91 92 94
m22 :  67 1 21 3 71 43 53 7 8 9 10 47 12 13 73 15 16 59 20 32 78 75 41 58 90 46 28 29 30 56 36 87 72 60 37 38 39 40 85 42 74 63 68 65 50 92 52 54 55 64 82 61 19 84 26 2 23 76 77 6 33 88 48 86 94 93 45 0 4 5 11 14 17 18 22 24 25 27 31 34 35 44 49 51 57 62 66 69 70 79 80 81 83 89 91
m23 :  0 5 2 48 4 6 7 8 26 93 76 12 13 14 84 16 36 19 20 21 22 86 24 29 27 30 31 32 33 34 35 37 81 78 41 42 44 45 46 53 87 82 55 65 10 60 25 89 52 66 67 69 56 72 40 28 94 80 74 83 73 15 88 92 1 3 9 11 17 18 23 38 39 43 47 49 50 51 54 57 58 59 61 62 63 64 68 70 71 75 77 79 85 90 91
m24 :  0 12 78 27 81 70 90 7 52 55 10 11 60 19 15 16 17 47 20 38 46 68 18 26 41 28 29 48 32 33 34 35 58 69 49 45 84 43 44 51 85 54 61 14 62 63 64 66 31 79 74 8 80 89 24 53 22 86 75 56 1 91 93 30 2 3 4 5 6 9 13 21 23 25 36 37 39 40 42 50 57 59 65 67 71 72 73 76 77 82 83 87 88 92 94
m25 :  0 1 2 3 36 66 56 11 72 53 41 50 14 15 47 17 18 7 9 21 89 23 88 25 26 68 28 29 30 61 19 33 37 87 39 22 60 44 45 46 79 67 49 85 55 54 31 13 62 63 51 65 80 24 74 70 12 34 77 84 92 75 4 57 91 5 6 8 10 16 20 27 32 35 38 40 42 43 48 52 58 59 64 69 71 73 76 78 81 82 83 86 90 93 94
m26 :  27 17 2 3 84 4 6 7 48 9 42 72 55 47 79 50 28 62 19 93 89 22 36 52 86 26 0 5 73 32 33 34 80 35 18 40 41 37 44 63 54 77 49 51 74 53 57 58 59 67 64 65 66 69 70 85 39 88 76 81 82 83 8 10 12 31 68 1 11 13 14 15 16 20 21 23 24 25 29 30 38 43 45 46 56 60 61 71 75 78 87 90 91 92 94
m27 :  1 36 65 11 5 6 47 8 9 10 30 12 13 67 15 45 25 74 20 21 46 23 54 68 19 28 66 32 33 22 37 38 40 89 42 43 44 56 85 86 62 60 53 55 88 58 59 84 63 87 49 71 72 73 7 77 78 69 82 31 3 92 93 94 0 2 4 14 16 17 18 24 26 27 29 34 35 39 41 48 50 51 52 57 61 64 70 75 76 79 80 81 83 90 91
m28 :  0 1 45 57 81 93 6 7 8 4 66 94 12 13 14 15 16 23 67 19 20 21 22 31 46 42 26 86 28 29 30 32 34 35 36 37 11 44 74 41 53 89 59 43 51 10 52 56 48 33 65 92 5 72 82 76 78 87 69 58 80 2 3 9 17 18 24 25 27 38 39 40 47 49 50 54 55 60 61 62 63 64 68 70 71 73 75 77 79 83 84 85 88 90 91
m29 :  48 1 2 65 4 0 6 52 8 57 10 11 12 13 55 15 16 17 47 93 89 21 49 23 33 26 41 28 29 30 90 66 34 38 80 58 20 68 69 37 46 60 51 61 59 56 18 62 43 64 67 74 54 7 78 84 81 39 85 31 27 94 3 5 9 14 19 22 24 25 32 35 36 40 42 44 45 50 53 63 70 71 72 73 75 76 77 79 82 83 86 87 88 91 92
m30 :  0 2 3 63 19 55 61 34 70 53 11 12 13 29 15 91 17 41 85 21 56 24 25 72 49 28 92 30 46 66 64 35 36 88 87 39 9 51 77 75 44 45 18 50 52 54 76 4 62 81 33 94 7 23 14 78 47 80 82 83 84 37 89 1 5 6 8 10 16 20 22 26 27 31 32 38 40 42 43 48 57 58 59 60 65 67 68 69 71 73 74 79 86 90 93
m31 :  18 8 79 51 4 88 6 7 64 81 10 62 73 53 93 19 40 17 33 39 22 60 29 61 26 27 5 66 31 32 87 67 9 50 80 41 49 82 42 2 84 69 70 16 48 57 52 55 56 58 59 78 63 3 74 68 1 35 77 45 86 30 85 0 11 12 13 14 15 20 21 23 24 25 28 34 36 37 38 43 44 46 47 54 65 71 72 75 76 83 89 90 91 92 94
m32 :  39 1 21 3 92 5 6 52 8 9 10 11 12 13 66 15 16 61 23 20 22 43 32 68 41 63 30 56 84 37 36 38 28 86 50 44 45 46 47 55 49 25 51 53 54 82 58 59 65 88 42 24 67 73 70 78 29 57 89 81 33 85 60 90 7 94 0 2 4 14 17 18 19 26 27 31 34 35 40 48 62 64 69 71 72 74 75 76 77 79 80 83 87 91 93
m33 :  0 2 62 4 5 89 7 93 45 32 11 12 13 14 67 16 19 20 21 22 36 25 52 37 72 30 86 8 33 66 35 41 42 81 44 6 79 80 88 53 56 55 59 84 61 94 90 48 65 57 40 23 76 34 78 31 29 73 87 92 1 3 9 10 15 17 18 24 26 27 28 38 39 43 46 47 49 50 51 54 58 60 63 64 68 69 70 71 74 75 77 82 83 85 91
m34 :  0 61 43 69 2 72 6 58 8 22 10 11 12 41 14 54 48 17 81 19 20 21 80 84 4 31 26 56 28 89 13 46 34 90 37 38 39 64 67 62 45 47 93 51 74 63 55 66 59 68 27 52 76 78 79 23 85 86 49 94 1 3 5 7 9 15 16 18 24 25 29 30 32 33 35 36 40 42 44 50 53 57 60 65 70 71 73 75 77 82 83 87 88 91 92
m35 :  0 36 2 3 4 51 88 7 45 73 76 11 12 13 14 15 52 61 18 19 89 94 46 23 25 55 75 28 29 30 31 64 85 37 26 39 92 41 49 43 83 91 50 17 53 54 56 69 62 63 65 66 47 70 82 72 21 77 24 34 84 9 93 1 5 6 8 10 16 20 22 27 32 33 35 38 40 42 44 48 57 58 59 60 67 68 71 74 78 79 80 81 86 87 90
m36 :  31 39 3 69 4 5 6 7 0 9 83 52 32 58 85 8 18 17 19 47 24 55 40 92 78 27 28 29 12 59 76 70 35 51 15 54 48 41 50 44 68 77 16 56 57 22 62 63 65 1 61 73 74 81 80 79 82 84 67 49 88 26 91 94 93 89 2 10 11 13 14 20 21 23 25 30 33 34 36 37 38 42 43 45 46 53 60 64 66 71 72 75 86 87 90
m37 :  50 1 46 3 5 60 7 8 58 10 40 12 13 28 16 31 90 86 20 21 33 73 25 82 27 30 38 41 22 36 37 78 32 56 43 44 67 88 77 18 68 54 63 66 55 48 65 80 51 71 87 72 76 29 83 9 84 89 91 92 93 94 0 2 4 6 11 14 15 17 19 23 24 26 34 35 39 42 45 47 49 52 53 57 59 61 62 64 69 70 74 75 79 81 85
m38 :  0 2 77 4 5 6 7 8 61 45 11 65 12 14 30 16 37 34 19 20 21 86 81 25 26 27 36 89 66 31 93 33 35 55 74 41 92 44 94 78 69 15 13 53 82 84 56 46 62 58 72 18 67 52 9 71 80 76 79 83 3 87 88 28 29 1 10 17 22 23 24 32 38 39 40 42 43 47 48 49 50 51 54 57 59 60 63 64 68 70 73 75 85 90 91
m39 :  0 1 66 54 55 25 61 7 8 34 10 11 12 74 33 84 17 51 19 20 24 23 43 56 27 28 60 35 57 78 38 39 42 89 6 79 46 47 48 49 9 90 53 68 58 63 41 62 26 52 81 69 18 72 94 76 21 85 14 4 64 37 92 73 2 3 5 13 15 16 22 29 30 31 32 36 40 44 45 50 59 65 67 70 71 75 77 80 82 83 86 87 88 91 93
m40 :  0 1 92 44 4 65 89 7 75 9 41 11 12 13 29 15 85 31 19 42 21 68 23 24 25 45 18 28 30 33 34 36 37 38 64 79 55 46 56 52 50 51 53 54 58 61 94 63 67 72 70 73 74 76 17 82 80 84 78 88 91 2 3 5 6 8 10 14 16 20 22 26 27 32 35 39 40 43 47 48 49 57 59 60 62 66 69 71 77 81 83 86 87 90 93
m41 :  0 1 52 3 81 5 6 9 8 73 29 41 56 93 16 51 55 59 28 90 42 71 57 46 63 27 36 85 32 33 34 35 62 19 39 87 44 45 12 74 48 49 80 68 86 58 84 65 67 69 70 50 77 78 79 82 4 89 88 17 20 64 2 7 10 11 13 14 15 18 21 22 23 24 25 26 30 31 37 38 40 43 47 53 54 60 61 66 72 75 76 83 91 92 94
m42 :  60 1 68 56 78 5 37 7 8 16 10 69 12 13 71 52 29 23 92 19 20 55 22 2 36 31 87 28 46 30 50 32 33 6 38 39 82 74 43 44 45 47 48 64 86 54 58 73 70 63 15 65 66 72 3 59 75 76 53 85 88 9 0 4 11 14 17 18 21 24 25 26 27 34 35 40 41 42 49 51 57 61 62 67 77 79 80 81 83 84 89 90 91 93 94
m43 :  69 27 8 25 4 5 89 7 30 22 12 13 14 15 16 58 78 19 20 21 33 66 40 76 28 79 32 34 35 36 37 42 86 41 52 45 53 50 51 74 2 56 18 43 80 6 49 62 65 93 39 60 88 72 10 57 92 67 81 24 84 75 87 94 90 0 1 3 9 11 17 23 26 29 31 38 44 46 47 48 54 55 59 61 63 64 68 70 71 73 77 82 83 85 91
m44 :  0 1 2 53 4 80 78 6 8 69 28 11 12 13 27 17 18 68 20 58 22 84 41 93 33 29 30 48 32 34 14 25 37 62 81 74 46 42 47 45 85 56 52 54 55 59 60 63 7 31 66 67 90 35 19 72 43 89 51 24 26 61 64 3 5 9 10 15 16 21 23 36 38 39 40 44 49 50 57 65 70 71 73 75 76 77 79 82 83 86 87 88 91 92 94
m45 :  28 21 91 3 4 27 93 7 15 23 63 11 12 85 18 36 30 51 55 50 59 79 49 25 76 14 29 31 22 33 34 39 37 38 19 41 43 44 45 17 82 56 92 52 53 54 46 57 89 66 61 2 84 65 67 72 70 0 74 75 77 78 88 24 80 73 83 1 5 6 8 9 10 13 16 20 26 32 35 40 42 47 48 58 60 62 64 68 69 71 81 86 87 90 94
m46 :  35 1 32 55 4 5 50 7 8 9 93 11 12 86 34 18 3 17 19 79 33 81 68 24 44 27 88 51 30 31 36 0 39 40 41 85 61 53 20 48 62 64 67 57 84 76 63 80 69 70 60 73 74 77 78 58 26 37 59 42 6 49 22 52 87 2 10 13 14 15 16 21 23 25 28 29 38 43 45 46 47 54 56 65 66 71 72 75 82 83 89 90 91 92 94
m47 :  93 1 15 3 21 5 6 52 8 10 47 12 13 73 43 85 61 2 19 20 69 84 53 25 24 60 66 29 38 31 32 87 82 36 37 48 50 44 30 63 65 55 56 83 46 86 49 68 7 67 88 72 78 41 76 79 81 39 58 28 77 90 9 92 94 0 4 11 14 16 17 18 22 23 26 27 33 34 35 40 42 45 51 54 57 59 62 64 70 71 74 75 80 89 91
m48 :  69 89 2 56 6 5 7 8 59 92 11 12 36 14 35 21 34 18 19 20 30 24 25 94 27 28 10 32 31 33 16 37 67 40 74 42 43 44 45 46 1 29 81 52 53 90 66 57 4 76 72 65 47 93 48 84 0 26 77 78 79 13 86 88 38 87 22 3 9 15 17 23 39 41 49 50 51 54 55 58 60 61 62 63 64 68 70 71 73 75 80 82 83 85 91
m49 :  4 1 18 49 22 6 20 8 81 43 11 12 13 14 55 16 17 19 58 21 34 23 24 25 26 90 28 29 46 31 32 33 64 48 38 2 35 41 52 45 47 68 78 94 51 53 54 84 56 59 60 61 62 63 66 69 89 74 76 79 86 85 0 93 3 5 7 9 10 15 27 30 36 37 39 40 42 44 50 57 65 67 70 71 72 73 75 77 80 82 83 87 88 91 92
m50 :  0 1 88 92 4 5 41 7 58 3 13 11 12 87 15 21 17 63 75 66 72 23 24 25 94 50 29 36 31 65 33 34 69 37 38 61 56 19 45 46 43 22 49 51 52 54 55 85 67 77 60 30 53 70 82 84 89 74 64 44 28 26 83 40 91 2 6 8 9 10 14 16 18 20 27 32 35 39 42 47 48 57 59 62 68 71 73 76 78 79 80 81 86 90 93
m51 :  77 41 84 3 4 5 6 7 58 9 39 11 17 82 83 15 68 18 73 0 1 28 26 27 62 32 66 19 48 35 36 89 45 40 42 91 20 37 52 49 50 51 88 55 57 59 86 61 93 67 69 70 76 74 31 80 81 87 54 65 14 2 8 10 12 13 16 21 22 23 24 25 29 30 33 34 38 43 44 46 47 53 56 60 63 64 71 72 75 78 79 85 90 92 94
m52 :  37 1 71 43 90 5 6 7 8 25 20 48 12 13 16 42 18 19 21 89 24 66 74 28 33 31 32 9 80 86 63 38 55 92 3 54 46 40 83 91 52 53 30 56 67 58 59 60 61 65 78 68 29 93 76 36 82 84 85 87 88 94 0 2 4 10 11 14 15 17 22 23 26 27 34 35 39 41 44 45 47 49 50 51 57 62 64 69 70 72 73 75 77 79 81
m53 :  72 69 2 3 4 5 6 7 8 30 65 66 12 13 14 15 16 94 18 19 20 21 22 23 42 29 27 81 31 32 33 34 35 36 37 80 41 25 89 45 38 46 43 79 78 53 26 0 56 84 82 70 93 67 63 55 74 28 40 87 86 90 92 1 9 10 11 17 24 39 44 47 48 49 50 51 52 54 57 58 59 60 61 62 64 68 71 73 75 76 77 83 85 88 91
m54 :  0 1 6 72 4 26 7 8 48 10 11 20 13 14 66 46 17 74 19 56 21 22 49 24 61 12 27 28 78 51 81 34 35 52 37 38 39 40 41 44 43 55 47 80 68 89 53 54 18 58 59 60 62 79 64 69 90 93 84 33 71 85 15 25 16 65 2 3 5 9 23 29 30 31 32 36 42 45 50 57 63 67 70 73 75 76 77 82 83 86 87 88 91 92 94
m55 :  0 1 80 3 21 76 41 7 47 67 51 11 87 13 4 15 77 17 66 44 50 24 26 10 28 29 52 31 49 30 34 45 36 37 64 39 60 85 79 33 46 89 68 53 54 63 56 16 91 61 65 78 70 25 75 19 92 14 88 18 84 93 58 2 5 6 8 9 12 20 22 23 27 32 35 38 40 42 43 48 55 57 59 62 69 71 72 73 74 81 82 83 86 90 94
m56 :  0 50 2 3 4 57 55 62 8 9 70 41 12 24 37 15 81 17 18 19 85 34 16 28 86 59 26 27 10 77 82 84 36 7 51 40 80 42 78 68 45 58 48 49 52 56 91 61 64 93 54 67 69 76 89 30 73 35 33 39 87 63 6 66 5 1 11 13 14 20 21 22 23 25 29 31 32 38 43 44 46 47 53 60 65 71 72 74 75 79 83 88 90 92 94
m57 :  16 1 72 3 49 8 6 47 9 10 21 12 13 46 15 59 18 89 20 29 7 55 63 30 54 28 61 31 32 39 38 65 36 37 5 94 43 44 74 48 50 60 82 53 56 76 66 58 68 67 33 87 88 77 86 23 84 85 78 92 90 73 45 0 2 4 11 14 17 19 22 24 25 26 27 34 35 40 41 42 51 52 57 62 64 69 70 71 75 79 80 81 83 91 93
m58 :  33 1 87 3 20 5 6 7 8 93 10 72 21 14 35 16 51 19 30 28 31 37 26 56 41 0 79 32 34 36 88 89 69 45 46 92 86 53 24 4 52 57 78 59 60 47 62 64 65 66 2 42 38 74 76 77 81 82 84 18 13 75 94 9 11 12 15 17 22 23 25 27 29 39 40 43 44 48 49 50 54 55 58 61 63 67 68 70 71 73 80 83 85 90 91
m59 :  0 1 8 23 21 89 6 7 60 59 11 12 85 14 46 16 17 68 19 20 72 26 47 27 28 63 69 32 81 34 41 29 61 43 58 24 90 45 84 49 5 51 52 66 56 2 62 93 64 48 55 67 88 57 74 42 78 80 30 87 86 73 33 38 91 94 3 4 9 10 13 15 18 22 25 31 35 36 37 39 40 44 50 53 54 65 70 71 75 76 77 79 82 83 92
m60 :  0 1 2 3 4 76 29 36 83 13 6 11 17 80 15 92 65 37 51 21 22 87 25 26 27 28 30 84 86 23 34 7 45 44 41 33 43 46 88 61 49 50 52 53 54 56 58 60 63 64 9 55 73 75 91 66 12 82 85 14 72 89 10 70 5 8 16 18 19 20 24 31 32 35 38 39 40 42 47 48 57 59 62 67 68 69 71 74 77 78 79 81 90 93 94
m61 :  0 88 32 3 4 87 6 8 9 55 34 29 84 1 41 76 18 19 20 93 22 81 73 26 27 83 31 7 33 35 36 45 39 40 42 59 5 24 72 62 58 57 50 52 53 68 17 61 65 67 69 70 28 74 86 77 78 79 80 82 91 54 89 2 10 11 12 13 14 15 16 21 23 25 30 37 38 43 44 46 47 48 49 51 56 60 63 64 66 71 75 85 90 92 94
m62 :  74 1 36 3 32 5 6 7 8 9 13 12 39 15 63 51 27 45 20 58 44 87 24 43 85 84 28 92 30 56 33 31 80 37 38 10 40 71 42 61 55 47 50 16 78 53 54 68 65 60 70 73 66 67 25 86 72 52 76 18 94 88 77 0 2 4 11 14 17 19 21 22 23 26 29 34 35 41 46 48 49 57 59 62 64 69 75 79 81 82 83 89 90 91 93
m63 :  0 33 2 90 4 5 6 7 8 44 10 53 12 36 14 15 16 52 56 19 20 22 78 24 30 26 21 41 29 31 32 34 35 37 11 40 45 42 75 92 46 47 72 89 50 83 87 65 66 3 13 73 74 38 76 93 94 69 79 80 86 67 1 9 17 18 23 25 27 28 39 43 48 49 51 54 55 57 58 59 60 61 62 63 64 68 70 71 77 81 82 84 85 88 91
m64 :  47 69 49 58 12 50 6 7 66 64 27 11 8 14 15 16 17 18 38 20 21 22 23 43 54 26 89 13 30 31 32 55 34 60 62 37 1 48 41 25 46 76 39 51 68 53 84 56 28 61 59 52 67 4 90 79 35 81 74 19 78 72 80 85 86 88 40 0 2 3 5 9 10 24 29 33 36 42 44 45 57 63 65 70 71 73 75 77 82 83 87 91 92 93 94
m65 :  0 1 2 3 4 18 80 62 9 11 45 14 15 29 17 19 22 21 23 30 25 26 28 31 27 34 84 36 61 78 77 5 91 54 72 46 74 44 50 51 63 53 55 56 88 58 83 38 66 49 7 92 39 37 85 76 79 94 86 87 89 52 93 6 8 10 12 13 16 20 24 32 33 35 40 41 42 43 47 48 57 59 60 64 65 67 68 69 70 71 73 75 81 82 90
m66 :  0 74 2 4 5 6 7 73 9 1 66 68 17 51 34 12 18 19 33 48 82 67 90 26 27 29 57 31 77 35 55 36 11 69 40 70 42 20 80 30 49 50 3 39 81 58 59 93 61 62 64 79 52 44 46 63 32 78 83 84 86 87 88 8 53 10 13 14 15 16 21 22 23 24 25 28 37 38 41 43 45 47 54 56 60 65 71 72 75 76 85 89 91 92 94
m67 :  32 1 61 3 24 5 28 66 8 10 84 12 36 75 15 13 52 9 85 20 87 67 92 25 78 94 29 31 37 33 58 72 56 39 40 50 54 43 44 45 46 47 48 60 59 53 62 63 65 6 68 51 49 73 74 38 76 83 82 21 86 88 90 0 2 4 7 11 14 16 17 18 19 22 23 26 27 30 34 35 41 42 55 57 64 69 70 71 77 79 80 81 89 91 93
m68 :  0 8 35 73 16 5 6 20 48 11 12 13 14 31 66 53 15 19 21 22 30 7 88 34 89 29 45 33 36 37 10 46 74 41 65 43 2 47 60 75 42 64 4 3 58 94 28 69 82 93 59 18 62 72 32 76 78 79 80 81 86 24 87 56 90 92 1 9 17 23 25 26 27 38 39 40 44 49 50 51 52 54 55 57 61 63 67 68 70 71 77 83 84 85 91
m69 :  46 1 49 21 4 64 61 19 58 25 13 11 12 69 56 62 17 90 20 22 23 2 53 26 27 29 30 35 84 34 54 76 37 38 43 55 89 60 15 47 93 40 51 52 68 32 41 74 16 28 81 9 45 85 71 7 48 79 57 10 86 88 33 94 0 3 5 6 8 14 18 24 31 36 39 42 44 50 59 63 65 66 67 70 72 73 75 77 78 80 82 83 87 91 92
m70 :  0 4 37 3 10 6 7 58 67 17 11 12 46 15 43 54 88 19 29 21 69 23 24 25 26 89 28 36 30 31 34 2 84 80 18 41 83 13 44 45 47 68 49 50 51 53 76 56 66 52 61 62 63 77 65 70 71 72 85 78 75 73 92 87 81 1 5 8 9 14 16 20 22 27 32 33 35 38 39 40 42 48 55 57 59 60 64 74 79 82 86 90 91 93 94
m71 :  0 1 2 3 4 33 6 7 8 9 79 89 29 45 88 42 50 17 55 51 60 24 66 54 70 87 27 35 15 31 32 34 76 40 39 84 64 58 48 53 63 57 26 82 56 59 28 62 65 67 68 69 73 49 72 74 47 78 19 41 80 81 85 93 5 10 11 12 13 14 16 18 20 21 22 23 25 30 36 37 38 43 44 46 52 61 71 75 77 83 86 90 91 92 94
m72 :  26 1 23 3 71 5 20 10 8 9 64 12 63 73 88 16 22 19 21 84 38 37 65 55 58 31 32 33 70 43 36 39 40 82 52 45 46 47 28 75 7 51 53 54 56 77 59 60 61 78 85 66 68 86 87 74 49 62 92 13 76 72 30 94 0 2 4 6 11 14 15 17 18 24 25 27 29 34 35 41 42 44 48 50 57 67 69 79 80 81 83 89 90 91 93
m73 :  8 80 16 44 78 5 6 33 87 11 4 81 14 66 50 84 19 20 21 46 72 52 26 31 25 76 53 79 37 34 36 38 28 59 41 65 67 45 89 47 48 55 24 56 58 60 3 39 62 40 94 57 73 74 93 82 83 0 35 29 1 30 92 2 7 9 10 12 13 15 17 18 22 23 27 32 42 43 49 51 54 61 63 64 68 69 70 71 75 77 85 86 88 90 91
m74 :  90 1 26 6 54 57 52 7 60 23 68 47 12 13 14 8 16 17 61 93 20 84 22 19 24 25 18 27 28 37 33 74 32 34 64 92 58 38 53 41 62 43 78 46 49 48 51 81 55 56 69 0 63 35 66 31 71 42 10 85 86 59 89 94 87 11 4 2 3 5 9 15 21 29 30 36 39 40 44 45 50 65 67 70 72 73 75 76 77 79 80 82 83 88 91
m75 :  0 1 54 31 4 61 6 7 73 36 11 12 25 17 15 44 18 23 94 46 22 50 84 29 28 91 19 52 34 41 37 38 21 45 88 76 63 70 49 53 51 85 55 57 77 64 14 33 65 24 68 13 58 72 3 30 74 89 78 39 82 92 80 2 5 8 9 10 16 20 26 27 32 35 40 42 43 47 48 56 59 60 62 66 67 69 71 75 79 81 83 86 87 90 93
m76 :  0 56 2 3 4 5 84 7 8 35 10 76 54 63 30 65 55 9 19 60 71 86 89 29 20 26 27 28 87 31 32 33 36 59 51 40 81 74 85 15 82 47 48 49 50 80 6 53 68 62 57 58 73 78 1 61 88 69 70 24 22 17 83 77 39 18 34 67 93 11 12 13 14 16 21 23 25 37 38 41 42 43 44 45 46 52 64 66 72 75 79 90 91 92 94
m77 :  21 1 7 3 14 5 6 43 8 47 10 79 12 38 23 15 29 35 63 67 20 68 85 88 60 58 30 54 37 89 32 94 46 70 36 39 40 41 55 56 44 28 48 49 2 52 18 78 65 64 66 57 53 71 13 73 86 26 72 77 59 91 31 82 87 90 0 4 9 11 16 17 19 22 24 25 27 33 34 42 45 50 51 61 62 69 74 75 76 80 81 83 84 92 93
m78 :  21 89 2 3 4 20 66 14 8 15 10 81 93 33 38 16 49 55 19 22 23 44 25 26 28 29 41 31 32 34 35 36 37 6 18 67 94 43 45 72 76 48 60 51 30 1 52 56 92 46 87 62 88 84 65 57 69 80 42 7 77 53 78 79 59 75 12 73 24 27 74 5 0 9 11 13 17 39 40 47 50 54 58 61 63 64 68 70 71 82 83 85 86 90 91
m79 :  19 1 74 69 43 88 7 8 84 10 11 12 13 14 64 81 17 18 20 21 59 66 24 60 26 27 28 29 25 89 68 34 78 37 38 55 40 41 46 47 48 49 86 51 52 53 54 58 61 62 63 93 67 90 77 83 56 79 80 85 39 32 91 33 0 2 3 4 5 6 9 15 16 22 23 30 31 35 36 42 44 45 50 57 65 70 71 72 73 75 76 82 87 92 94
m80 :  0 1 53 3 4 43 11 7 30 94 63 13 76 15 57 17 36 19 44 21 46 23 41 92 26 28 29 54 50 48 34 37 33 67 45 25 47 62 85 51 52 56 88 39 64 60 61 81 84 65 77 38 78 73 49 72 18 70 75 74 82 83 89 87 91 93 14 2 5 6 8 9 10 12 16 20 22 24 27 31 32 35 40 42 55 58 59 66 68 69 71 79 80 86 90
m81 :  27 1 3 4 5 6 7 9 10 47 35 29 21 15 82 17 18 19 24 84 68 23 26 76 88 93 61 31 32 33 34 39 51 59 40 49 41 80 74 48 73 81 78 57 58 55 64 69 62 63 0 67 70 45 77 79 56 86 50 91 16 92 2 8 11 12 13 14 20 22 25 28 30 36 37 38 42 43 44 46 52 53 54 60 65 66 71 72 75 83 85 87 89 90 94
m82 :  1 91 3 19 58 37 65 8 32 82 12 13 68 15 16 44 60 43 20 28 29 63 93 88 6 7 30 73 54 72 36 38 89 87 41 42 10 45 46 47 48 70 56 90 52 53 55 5 59 61 49 31 66 67 69 83 21 94 78 76 79 81 84 86 25 92 0 2 4 9 11 14 17 18 22 23 24 26 27 33 34 35 39 40 50 51 57 62 64 71 74 75 77 80 85
m83 :  0 26 65 28 21 5 6 7 8 1 10 11 87 13 14 23 66 94 56 19 20 22 27 24 41 42 74 30 46 33 34 35 36 37 2 93 44 48 77 83 52 53 63 55 57 72 59 69 76 60 68 79 92 75 12 84 89 25 81 82 31 45 16 88 86 61 3 4 9 15 17 18 29 32 38 39 40 43 47 49 50 51 54 58 62 64 67 70 71 73 78 80 85 90 91
m84 :  1 2 43 4 68 6 81 61 76 10 74 12 13 14 15 16 17 18 19 20 21 38 23 69 26 27 28 56 66 89 33 34 79 39 55 84 42 31 46 51 52 53 11 58 59 60 85 65 7 9 71 47 62 8 80 90 94 24 93 0 3 5 22 25 29 30 32 35 36 37 40 41 44 45 48 49 50 54 57 63 64 67 70 72 73 75 77 78 82 83 86 87 88 91 92
m85 :  0 1 29 34 13 10 6 7 19 63 72 61 53 25 15 9 17 18 45 47 21 2 23 24 37 28 30 50 33 41 89 5 46 38 39 91 36 3 44 48 65 51 52 85 55 84 70 67 77 62 64 68 83 73 94 11 76 78 82 54 31 12 92 88 14 4 8 16 20 22 26 27 32 35 40 42 43 49 56 57 58 59 60 66 69 71 74 75 79 80 81 86 87 90 93
m86 :  50 1 62 3 4 5 6 19 8 9 45 32 70 46 67 33 55 18 57 74 80 22 68 17 71 36 27 66 40 77 31 93 34 35 56 41 42 72 82 89 43 48 49 51 87 54 58 59 73 63 0 12 61 69 81 29 79 28 76 78 84 86 91 2 7 10 11 13 14 15 16 20 21 23 24 25 26 30 37 38 39 44 47 52 53 60 64 65 75 83 85 88 90 92 94
m87 :  83 1 76 3 34 5 6 7 8 28 10 9 12 13 19 94 36 0 18 32 20 30 23 78 25 21 43 90 55 60 56 41 47 37 38 39 45 2 48 46 53 82 52 54 63 58 59 84 87 11 65 86 68 27 72 73 74 50 31 33 88 71 93 4 14 15 16 17 22 24 26 29 35 40 42 44 49 51 57 61 62 64 66 67 69 70 75 77 79 80 81 85 89 91 92
m88 :  0 12 92 3 79 5 6 2 89 4 42 16 35 69 14 37 72 65 19 20 21 22 23 26 24 56 46 30 81 32 33 34 93 13 41 36 43 44 45 1 61 15 52 53 70 11 47 59 10 62 68 66 76 51 48 82 38 94 7 78 87 80 84 73 28 40 8 9 17 18 25 27 29 31 39 49 50 54 55 57 58 60 63 64 67 71 74 75 77 83 85 86 88 90 91
m89 :  52 1 2 86 90 5 6 7 20 16 10 11 12 48 14 15 17 34 19 55 18 23 24 26 27 28 29 60 0 33 79 8 51 62 39 41 37 43 56 45 46 47 49 22 53 54 89 58 44 84 61 64 66 85 68 69 93 59 25 74 76 81 42 38 30 36 3 4 9 13 21 31 32 35 40 50 57 63 65 67 70 71 72 73 75 77 78 80 82 83 87 88 91 92 94
m90 :  0 1 54 3 91 34 78 7 46 93 2 85 36 13 15 58 17 88 48 21 14 23 37 25 89 59 28 29 30 43 38 77 6 41 16 62 11 52 22 60 4 50 51 53 45 56 57 49 61 73 63 64 67 18 69 70 27 65 74 76 84 92 81 82 24 72 55 94 5 8 9 10 12 19 20 26 31 32 33 35 39 40 42 44 47 66 68 71 75 79 80 83 86 87 90
m91 :  0 1 81 3 4 5 6 7 8 9 27 26 18 70 29 19 20 88 56 76 69 50 57 22 93 63 32 77 58 35 36 64 39 40 41 42 78 45 80 11 49 51 52 53 74 55 68 73 66 61 65 67 87 72 82 48 84 83 85 62 89 17 31 2 10 12 13 14 15 16 21 23 24 25 28 30 33 34 37 38 43 44 46 47 54 59 60 71 75 79 86 90 91 92 94
m92 :  66 1 54 3 61 5 63 7 8 10 93 12 13 47 68 37 55 59 20 30 21 23 39 87 56 27 28 33 32 84 72 29 36 43 78 19 42 45 46 48 50 65 53 58 82 60 26 75 83 71 25 73 38 76 40 74 52 85 86 88 90 92 94 0 2 4 6 9 11 14 15 16 17 18 22 24 31 34 35 41 44 49 51 57 62 64 67 69 70 77 79 80 81 89 91
m93 :  0 47 2 3 4 5 6 78 8 69 74 11 12 13 14 15 16 40 27 19 20 21 22 25 24 93 81 28 30 87 33 34 35 36 37 38 57 72 92 42 44 45 46 48 50 84 29 53 91 56 76 86 59 73 66 67 65 79 10 89 75 83 31 18 64 1 7 9 17 23 26 32 39 41 43 49 51 52 54 55 58 60 61 62 63 68 70 71 77 80 82 85 88 90 94
m94 :  0 1 80 71 4 2 6 7 62 34 10 11 12 13 48 15 16 17 18 19 20 21 54 23 39 27 93 52 31 89 33 58 69 37 38 61 41 26 43 40 46 47 68 51 55 56 53 28 60 85 64 14 66 72 74 32 83 76 90 84 59 5 78 3 8 9 22 24 25 29 30 35 36 42 44 45 49 50 57 63 65 67 70 73 75 77 79 81 82 86 87 88 91 92 94
m95 :  0 1 67 3 4 75 81 28 77 51 57 11 36 13 78 15 25 17 84 88 50 23 24 54 62 29 30 31 33 34 21 37 80 12 46 41 44 45 47 49 52 53 56 43 82 61 63 64 65 19 39 70 6 92 55 76 85 83 87 89 16 91 94 2 5 7 8 9 10 14 18 20 22 26 27 32 35 38 40 42 48 58 59 60 66 68 69 71 72 73 74 79 86 90 93
m96 :  49 1 45 3 4 80 6 7 62 9 11 12 41 83 54 70 17 18 93 66 77 22 42 31 69 27 28 29 30 74 26 5 35 40 48 55 73 50 58 39 19 84 51 52 53 81 57 59 61 63 87 56 67 68 10 72 76 78 82 64 88 20 16 85 33 0 2 8 13 14 15 21 23 24 25 32 34 36 37 38 43 44 46 47 60 65 71 75 79 86 89 90 91 92 94
m97 :  83 1 91 3 61 5 6 7 8 29 10 19 12 13 20 21 92 81 63 43 18 24 86 66 85 31 30 32 16 74 36 37 38 39 58 75 44 50 45 47 55 84 51 28 56 54 89 25 60 78 72 65 40 90 71 73 15 82 46 48 0 2 4 9 11 14 17 22 23 26 27 33 34 35 41 42 49 52 53 57 59 62 64 67 68 69 70 76 77 79 80 87 88 93 94
m98 :  0 65 2 67 4 89 6 7 8 52 56 11 5 13 14 15 16 82 21 19 20 22 23 38 26 28 36 30 31 87 12 34 66 37 45 81 41 42 43 44 46 1 47 58 75 9 53 10 40 73 84 93 86 3 74 79 61 76 77 78 80 29 55 35 90 92 94 17 18 24 25 27 32 33 39 48 49 50 51 54 57 59 60 62 63 64 68 69 70 71 72 83 85 88 91
m99 :  7 1 27 35 58 15 43 8 19 10 11 12 13 52 56 17 18 20 47 64 37 4 25 26 28 34 76 31 49 33 54 41 46 38 22 78 81 48 61 74 84 89 50 51 53 55 45 59 60 16 65 66 80 69 2 71 23 0 79 72 85 93 21 68 3 5 6 9 14 24 29 30 32 36 39 40 42 44 57 62 63 67 70 73 75 77 82 83 86 87 88 90 91 92 94
w0 :  83 55 2 92 75 4 38 51 5 63 44 11 12 14 15 16 32 91 19 33 40 24 25 26 52 50 42 64 97 7 98 35 66 69 93 41 90 22 3 46 65 0 70 53 54 76 86 37 88 59 74 62 78 67 68 73 1 95 72 77 27 36 31 99 30 71 58 6 8 9 10 13 17 18 20 21 23 28 29 34 39 43 45 47 48 49 56 57 60 61 79 80 81 82 84 85 87 89 94 96
w1 :  0 51 30 91 86 73 22 7 8 41 62 36 6 13 81 15 37 17 70 33 84 49 93 25 26 27 28 29 96 50 34 45 90 43 40 71 42 44 99 48 31 55 64 76 92 60 61 78 65 66 63 39 20 83 9 53 79 82 52 4 89 85 94 2 47 54 98 1 3 5 10 11 12 14 16 18 19 21 23 24 32 35 38 46 56 57 58 59 67 68 69 72 74 75 77 80 87 88 95 97
w2 :  39 22 2 3 16 7 6 4 8 76 10 32 12 68 14 57 62 52 97 69 81 78 23 24 25 26 27 28 29 30 31 33 45 35 5 46 38 21 87 44 47 64 92 73 51 75 95 54 86 58 59 60 61 77 9 49 11 36 80 94 83 90 71 48 91 13 72 74 56 99 0 1 15 17 18 19 20 34 37 40 41 42 43 50 53 55 63 65 66 67 70 79 82 84 85 88 89 93 96 98
w3 :  25 1 2 53 9 20 6 7 89 78 11 12 13 33 16 69 74 19 18 64 83 36 94 63 26 95 85 14 82 43 57 37 60 39 40 41 66 90 91 47 96 49 50 76 52 10 56 55 46 32 61 73 27 97 65 44 8 70 93 67 75 17 28 35 58 31 51 99 59 0 3 4 5 15 21 22 23 24 29 30 34 38 42 45 48 54 62 68 71 72 77 79 80 81 84 86 87 88 92 98
w4 :  0 15 63 94 25 5 93 69 8 99 10 51 3 2 17 16 56 18 32 98 95 22 23 96 59 33 86 28 76 81 31 75 39 38 40 50 42 43 83 45 46 70 6 65 52 4 82 57 19 61 14 64 66 21 68 9 97 72 73 37 36 78 67 91 85 1 90 12 92 26 7 11 13 20 24 27 29 30 34 35 41 44 47 48 49 53 54 55 58 60 62 71 74 77 79 80 84 87 88 89
w5 :  65 1 66 3 4 75 24 7 64 98 10 11 68 14 94 57 18 40 48 21 12 81 84 9 77 28 29 31 97 33 99 70 37 2 39 49 6 71 44 45 46 32 35 50 51 34 73 56 0 58 15 22 93 82 67 38 72 41 78 88 80 30 85 74 87 52 92 96 5 8 13 16 17 19 20 23 25 26 27 36 42 43 47 53 54 55 59 60 61 62 63 69 76 79 83 86 89 90 91 95
w6 :  51 65 26 62 4 5 6 66 91 17 10 46 12 45 14 16 3 18 20 74 22 23 24 78 50 44 11 29 30 31 32 48 99 35 57 37 39 69 41 61 43 47 15 85 27 55 56 80 90 42 59 68 72 13 36 75 9 89 58 93 81 87 52 84 88 86 67 96 49 0 1 2 7 8 19 21 25 28 33 34 38 40 53 54 60 63 64 70 71 73 76 77 79 82 83 92 94 95 97 98
w7 :  97 84 81 66 21 58 57 59 36 42 79 65 12 45 69 88 16 80 3 19 22 23 90 62 26 15 2 29 31 32 76 34 35 46 47 74 40 41 43 50 64 77 63 52 91 8 1 10 68 44 71 24 73 83 78 89 53 85 95 11 92 49 33 4 67 30 0 5 6 7 9 13 14 17 18 20 25 27 28 37 38 39 48 51 54 55 56 60 61 70 72 75 82 86 87 93 94 96 98 99
w8 :  28 1 2 84 92 44 61 7 11 88 10 56 30 9 90 57 86 18 53 65 81 3 82 27 26 73 69 25 31 32 34 55 36 38 40 41 89 45 78 23 48 63 72 4 93 54 95 13 58 94 60 17 19 67 68 15 43 96 97 75 74 79 8 62 85 16 91 12 77 14 0 5 6 20 21 22 24 29 33 35 37 39 42 46 47 49 50 51 52 59 64 66 70 71 76 80 83 87 98 99
w9 :  26 6 2 7 29 15 21 47 57 96 87 13 31 10 89 32 19 20 14 9 38 53 25 27 97 88 30 33 63 98 37 41 24 23 40 45 72 58 48 54 50 11 52 64 49 67 83 76 59 51 90 17 42 16 71 73 8 77 66 5 80 35 81 84 85 4 92 22 0 1 3 12 18 28 34 36 39 43 44 46 55 56 60 61 62 65 68 69 70 74 75 78 79 82 86 91 93 94 95 99
w10 :  9 92 2 75 4 40 63 7 8 11 12 13 41 15 16 48 19 68 88 81 34 24 25 26 38 50 33 89 31 32 58 35 51 66 1 67 39 65 37 99 49 76 52 71 97 55 77 64 59 73 62 93 3 90 69 70 72 0 91 98 44 53 54 43 5 6 10 14 17 18 20 21 22 23 27 28 29 30 36 42 45 46 47 56 57 60 61 74 78 79 80 82 83 84 85 86 87 94 95 96
w11 :  23 1 26 58 4 93 21 7 73 94 82 50 12 76 61 29 48 17 69 20 8 22 64 43 25 27 30 54 79 33 34 78 36 67 39 40 42 44 45 46 49 98 84 60 56 11 91 55 71 62 86 65 66 81 35 53 85 0 92 80 89 3 95 96 75 2 5 6 9 10 13 14 15 16 18 19 24 28 31 32 37 38 41 47 51 52 57 59 63 68 70 72 74 77 83 87 88 90 97 99
w12 :  21 18 76 83 4 5 25 7 8 9 35 11 12 13 36 68 16 10 29 32 71 23 91 27 28 58 30 31 73 47 69 38 39 84 42 85 56 62 45 93 44 34 2 78 51 54 60 61 74 14 87 67 70 72 75 80 96 81 6 99 55 90 92 49 94 57 15 0 1 3 17 19 20 22 24 26 33 37 40 41 43 46 48 50 52 53 59 63 64 65 66 77 79 82 86 88 89 95 97 98
w13 :  82 1 2 84 0 13 6 7 8 61 44 11 12 14 53 16 79 18 89 20 22 23 59 17 26 41 30 56 32 33 93 92 63 58 38 39 40 83 29 43 27 46 57 97 51 52 70 74 60 55 65 80 69 34 76 75 19 4 91 96 85 31 45 49 95 94 37 50 3 5 9 10 15 21 24 25 28 35 36 42 47 48 54 62 64 66 67 68 71 72 73 77 78 81 86 87 88 90 98 99
w14 :  8 65 57 3 88 15 6 7 59 36 51 68 0 5 16 17 18 19 55 21 41 23 43 25 35 28 26 91 85 32 33 96 42 24 99 67 40 46 66 95 45 13 48 50 77 10 56 71 80 94 86 63 64 72 74 75 76 9 38 49 53 90 61 22 93 92 69 1 2 4 11 12 14 20 27 29 30 31 34 37 39 44 47 52 54 58 60 62 70 73 78 79 81 82 83 84 87 89 97 98
w15 :  40 84 98 3 32 37 6 7 87 83 21 65 50 13 14 61 97 91 18 96 94 75 22 51 24 45 26 2 28 52 47 31 81 95 34 35 79 5 39 11 46 62 19 48 73 99 71 12 57 80 85 29 68 64 66 67 60 74 90 27 10 58 4 82 0 9 42 88 33 92 93 89 1 8 15 16 17 20 23 25 30 36 38 41 43 44 49 53 54 55 56 59 63 69 70 72 76 77 78 86
w16 :  78 19 49 65 4 66 6 91 8 58 10 37 41 75 14 15 16 73 18 29 20 68 9 23 24 33 26 27 84 86 31 32 81 57 35 36 39 46 59 61 43 56 44 47 48 87 50 51 52 62 60 40 74 72 85 55 79 80 82 45 89 93 54 67 99 0 1 2 3 5 7 11 12 13 17 21 22 25 28 30 34 38 42 53 63 64 69 70 71 76 77 83 88 90 92 94 95 96 97 98
w17 :  16 78 2 3 28 5 19 17 40 86 10 88 12 46 21 41 23 35 18 93 22 76 66 26 54 57 25 31 32 52 36 7 87 59 43 89 47 11 20 15 84 55 53 37 68 56 58 0 61 90 80 64 69 50 71 73 85 81 79 77 65 83 97 63 1 13 34 92 4 6 8 9 14 24 27 29 30 33 38 39 42 44 45 48 49 51 60 62 67 70 72 74 75 82 91 94 95 96 98 99
w18 :  26 1 69 97 54 50 68 9 8 11 12 13 59 55 51 67 18 19 76 43 82 17 25 79 27 74 58 90 31 42 33 34 30 36 37 38 40 41 88 45 3 48 73 60 53 32 56 28 95 84 72 10 44 14 64 75 62 77 98 89 81 21 78 87 94 65 93 15 57 99 0 2 4 5 6 7 16 20 22 23 24 29 35 39 46 47 49 52 61 63 66 70 71 80 83 85 86 91 92 96
w19 :  80 52 2 56 95 72 6 7 12 9 10 11 13 14 15 16 17 18 19 50 37 22 88 25 26 21 92 30 31 20 97 49 57 38 36 87 41 63 34 45 81 47 48 66 27 54 82 58 94 89 64 93 76 1 32 69 75 5 96 98 83 84 23 29 67 90 40 53 24 0 3 4 8 28 33 35 39 42 43 44 46 51 55 59 60 61 62 65 68 70 71 73 74 77 78 79 85 86 91 99
w20 :  0 76 2 71 4 72 25 63 93 62 11 12 13 55 15 16 39 97 31 21 86 35 24 26 27 94 75 40 32 88 65 5 73 82 41 1 91 44 70 46 47 49 50 51 52 54 64 19 7 9 33 45 89 66 53 68 69 83 77 78 8 36 37 98 84 90 43 10 96 3 6 14 17 18 20 22 23 28 29 30 34 38 42 48 56 57 58 59 60 61 67 74 79 80 81 85 87 92 95 99
w21 :  0 21 32 29 4 5 6 7 8 49 54 75 74 14 91 60 30 2 25 20 40 22 79 53 33 26 44 34 66 86 70 41 43 64 46 50 48 73 51 11 55 42 89 18 92 61 94 17 31 85 71 96 80 81 36 62 52 84 59 35 10 93 9 78 39 1 3 12 13 15 16 19 23 24 27 28 37 38 45 47 56 57 58 63 65 67 68 69 72 76 77 82 83 87 88 90 95 97 98 99
w22 :  55 5 2 3 4 12 46 7 20 92 71 77 36 14 15 16 9 33 30 83 60 65 81 26 39 52 27 28 29 49 31 59 47 56 38 94 51 96 44 17 84 6 70 87 79 54 69 57 58 78 23 61 62 11 37 67 68 76 93 73 10 75 80 64 25 88 89 91 86 0 1 8 13 18 19 21 22 24 32 34 35 40 41 42 43 45 48 50 53 63 66 72 74 82 85 90 95 97 98 99
w23 :  64 1 2 27 68 35 6 7 50 9 22 13 94 83 14 31 16 48 18 82 20 52 23 3 87 43 10 8 49 91 93 34 32 37 58 39 40 41 81 65 60 5 85 69 51 76 56 61 79 95 62 96 70 53 21 74 80 26 78 59 33 46 42 12 89 54 99 97 19 0 4 11 15 17 24 25 28 29 30 36 38 44 45 47 55 57 63 66 67 71 72 73 75 77 84 86 88 90 92 98
w24 :  0 1 42 3 56 5 6 8 77 10 50 52 51 75 15 16 72 18 78 38 22 67 24 33 74 28 95 25 31 43 86 12 68 39 40 41 26 45 65 69 48 76 32 98 99 57 59 4 61 92 9 64 66 44 17 21 37 94 93 87 88 97 83 80 85 19 23 89 90 2 7 11 13 14 20 27 29 30 34 35 36 46 47 49 53 54 55 58 60 62 63 70 71 73 79 81 82 84 91 96
w25 :  0 1 21 81 4 99 6 74 77 30 10 94 12 75 40 85 65 19 22 47 24 49 9 13 28 29 31 88 34 59 37 20 39 98 64 54 67 45 46 48 53 50 3 52 91 90 33 58 18 41 14 97 2 68 87 71 7 35 78 61 80 82 83 32 73 51 66 11 5 8 15 16 17 23 25 26 27 36 38 42 43 44 55 56 57 60 62 63 69 70 72 76 79 84 86 89 92 93 95 96
w26 :  17 42 50 3 61 5 6 0 75 44 10 31 87 2 14 56 16 90 18 88 20 57 11 23 48 47 26 27 86 29 30 32 91 8 35 36 37 67 39 77 59 43 45 46 62 65 28 99 51 41 68 12 55 85 82 54 73 84 72 66 92 79 80 93 13 89 24 34 64 15 1 4 7 9 19 21 22 25 33 38 40 49 52 53 58 60 63 69 70 71 74 76 78 81 83 94 95 96 97 98
w27 :  2 8 50 4 44 51 7 65 9 76 97 12 19 89 15 64 81 18 94 21 22 71 35 79 58 10 28 26 37 3 23 16 27 45 36 20 38 78 40 41 90 66 47 31 87 69 32 52 54 55 68 57 59 95 73 56 63 34 88 99 91 13 77 80 74 85 86 53 84 83 43 46 33 0 1 5 6 11 14 17 24 25 29 30 39 42 48 49 60 61 62 67 70 72 75 82 92 93 96 98
w28 :  22 1 2 3 58 69 50 51 8 62 17 93 12 68 14 15 48 32 30 19 67 90 37 49 20 87 28 0 36 43 18 74 96 7 55 41 65 40 60 44 16 79 25 33 53 34 56 95 27 98 31 97 78 88 72 46 89 11 75 13 73 59 81 82 5 84 64 42 91 92 94 45 57 4 6 9 10 21 23 24 26 29 35 38 39 47 52 54 61 63 66 70 71 76 77 80 83 85 86 99
w29 :  87 24 2 75 19 5 54 10 13 9 11 99 50 14 15 23 7 41 89 97 22 92 21 25 26 27 33 29 30 31 16 70 60 18 38 39 45 77 84 53 57 88 48 98 51 52 78 79 47 6 56 71 64 20 67 80 91 95 72 3 76 43 69 17 83 96 90 40 49 37 58 0 1 4 8 12 28 32 34 35 36 42 44 46 55 59 61 62 63 65 66 68 73 74 81 82 85 86 93 94
w30 :  0 52 2 49 76 84 26 41 8 9 95 11 72 93 14 15 16 98 25 19 32 21 66 13 29 97 31 33 28 35 37 39 40 91 89 17 44 5 69 83 51 53 54 90 70 71 30 27 47 87 75 63 64 99 88 68 73 1 78 7 80 59 38 4 92 3 12 96 62 6 10 18 20 22 23 24 34 36 42 43 45 46 48 50 55 56 57 58 60 61 65 67 74 77 79 81 82 85 86 94
w31 :  5 4 51 53 17 7 86 9 10 34 25 88 47 15 1 16 20 92 22 23 91 84 26 94 45 29 30 80 33 43 46 79 42 76 70 55 44 74 48 73 50 62 66 18 99 60 61 83 64 82 71 87 78 2 77 21 0 85 93 38 8 75 36 40 3 6 11 12 13 14 19 24 27 28 31 32 35 37 39 41 49 52 54 56 57 58 59 63 65 67 68 69 72 81 89 90 95 96 97 98
w32 :  54 18 2 27 4 5 34 87 9 39 11 58 13 14 15 16 81 97 21 26 23 52 25 67 44 29 30 31 32 33 64 62 36 38 3 80 7 76 47 46 83 12 68 17 51 75 91 95 57 60 28 69 71 72 74 49 96 73 59 1 77 43 90 35 94 88 79 84 0 6 8 10 19 20 22 24 37 40 41 42 45 48 50 53 55 56 61 63 65 66 70 78 82 85 86 89 92 93 98 99
w33 :  46 1 2 29 80 19 6 7 8 38 40 99 12 13 14 47 16 36 18 69 5 93 82 94 15 35 49 20 56 30 32 33 60 27 52 37 39 83 96 11 89 44 63 76 97 50 51 64 55 57 58 61 43 9 65 66 23 91 70 74 75 78 53 41 85 88 81 0 3 4 10 17 21 22 24 25 26 28 31 34 42 45 48 54 59 62 67 68 71 72 73 77 79 84 86 87 90 92 95 98
w34 :  0 61 27 3 5 6 7 90 57 12 58 15 16 17 18 19 21 22 23 76 25 72 45 28 37 89 85 32 33 41 9 36 40 38 52 67 43 56 78 8 49 26 83 94 75 59 66 48 64 65 68 50 77 98 20 73 51 81 4 95 92 93 99 96 1 2 10 11 13 14 24 29 30 31 34 35 39 42 44 46 47 53 54 55 60 62 63 69 70 71 74 79 80 82 84 86 87 88 91 97
w35 :  65 83 2 3 97 0 6 7 57 48 10 31 12 13 21 15 94 11 9 19 20 35 99 24 82 55 28 29 73 67 4 34 38 85 62 64 40 71 51 32 45 46 75 50 68 56 87 44 72 14 17 80 61 74 89 66 81 93 98 78 95 84 86 90 39 54 30 52 1 5 8 16 18 22 23 25 26 27 33 36 37 41 42 43 47 49 53 58 59 60 63 69 70 76 77 79 88 91 92 96
w36 :  31 1 2 45 4 87 6 8 35 10 52 12 71 56 3 16 17 18 86 27 30 60 65 24 73 37 63 29 77 32 19 97 36 47 61 39 67 41 20 48 59 49 80 44 23 50 55 91 93 62 51 14 66 68 69 57 72 75 92 78 79 85 81 15 43 90 9 28 54 26 99 0 5 7 11 13 21 22 25 33 34 38 40 42 46 53 58 64 70 74 76 82 83 84 88 89 94 95 96 98
w37 :  97 40 78 41 71 31 22 9 53 11 10 54 50 85 14 15 16 12 18 19 34 21 23 24 29 84 66 28 8 36 45 33 77 90 75 64 58 69 42 43 88 46 47 27 52 55 83 68 95 57 0 81 65 35 49 3 5 44 76 61 80 48 63 86 89 91 92 26 94 1 2 4 6 7 13 17 20 25 30 32 37 38 39 51 56 59 60 62 67 70 72 73 74 79 82 87 93 96 98 99
w38 :  51 1 2 97 73 65 84 7 57 69 85 11 9 13 53 93 16 95 19 20 60 59 71 24 25 31 28 43 30 62 61 34 36 45 38 98 40 18 42 44 37 91 52 8 88 82 56 77 96 12 80 63 94 47 67 3 26 89 74 75 68 79 81 15 27 72 90 76 55 78 33 0 4 5 6 10 14 17 21 22 23 29 32 35 39 41 46 48 49 50 54 58 64 66 70 83 86 87 92 99
w39 :  92 87 83 3 76 40 6 48 57 9 10 11 50 64 14 15 89 17 96 31 20 21 22 95 25 98 27 37 29 30 80 34 36 38 81 79 23 45 16 47 49 13 72 53 54 91 41 60 26 58 52 66 55 69 42 71 35 93 32 19 90 75 84 74 2 88 97 0 1 4 5 7 8 12 18 24 28 33 39 43 44 46 51 56 59 61 62 63 65 67 68 70 73 77 78 82 85 86 94 99
w40 :  0 5 2 1 48 78 60 7 8 9 10 11 93 13 76 15 16 40 33 77 65 57 99 82 26 63 69 70 31 32 52 35 4 37 38 62 41 73 27 88 46 96 50 51 19 54 66 18 68 86 72 64 97 71 89 75 49 39 91 44 87 12 6 90 92 58 98 17 3 14 20 21 22 23 24 25 28 29 30 34 36 42 43 45 47 53 55 56 59 61 67 74 79 80 81 83 84 85 94 95
w41 :  0 1 93 17 4 26 70 7 8 30 10 5 43 13 14 15 62 91 99 20 21 22 23 16 25 27 28 29 55 32 85 97 36 38 53 41 40 42 98 46 69 48 86 73 67 52 54 84 92 90 60 61 65 66 82 39 71 50 95 44 75 78 79 80 9 49 45 12 64 2 3 6 11 18 19 24 31 33 34 35 37 47 51 56 57 58 59 63 68 72 74 76 77 81 83 87 88 89 94 96
w42 :  12 59 57 6 4 15 23 7 33 9 10 11 71 13 14 17 36 44 35 32 22 30 87 62 49 27 28 74 72 76 38 54 24 82 92 65 16 94 47 34 89 51 39 18 68 80 58 75 79 43 29 19 67 69 86 84 77 25 81 88 91 2 96 48 40 83 0 1 3 5 8 20 21 26 31 37 41 42 45 46 50 52 53 55 56 60 61 63 64 66 70 73 78 85 90 93 95 97 98 99
w43 :  68 1 2 66 49 79 51 7 46 9 31 33 12 14 35 16 29 65 83 93 99 22 23 61 92 8 27 28 15 30 11 32 50 37 38 39 40 41 57 43 90 3 94 52 60 82 56 58 59 70 84 18 6 95 21 77 69 74 75 76 67 78 10 81 13 20 96 91 19 97 48 0 4 5 17 24 25 26 34 36 42 44 45 47 53 54 55 62 63 64 71 72 73 80 85 86 87 88 89 98
w44 :  0 1 47 3 74 5 6 76 8 99 10 42 95 51 9 16 90 17 18 80 21 22 23 19 98 50 28 89 31 32 33 91 43 57 66 45 40 41 69 24 39 44 73 36 52 35 55 4 59 84 68 63 64 15 67 53 71 72 85 97 75 77 78 65 82 94 56 46 13 38 92 93 2 7 11 12 14 20 25 26 27 29 30 34 37 48 49 54 58 60 61 62 70 79 81 83 86 87 88 96
w45 :  94 60 34 3 4 92 6 32 59 28 10 7 82 14 37 43 25 71 19 20 21 22 77 24 18 11 48 68 29 31 64 39 35 16 58 40 45 2 0 61 51 52 9 54 55 12 85 13 63 98 65 66 75 84 70 74 72 88 80 81 97 30 67 87 99 90 73 96 1 5 8 15 17 23 26 27 33 36 38 41 42 44 46 47 49 50 53 56 57 62 69 76 78 79 83 86 89 91 93 95
w46 :  96 1 37 3 67 68 39 20 8 12 10 75 77 60 14 15 16 17 18 31 57 22 23 91 90 27 93 41 30 69 32 21 35 36 87 24 65 43 44 45 46 48 51 52 55 58 61 66 62 56 86 6 5 4 89 59 92 47 85 50 88 72 81 73 63 25 29 74 0 2 7 9 11 13 19 26 28 33 34 38 40 42 49 53 54 64 70 71 76 78 79 80 82 83 84 94 95 97 98 99
w47 :  99 77 2 3 4 81 15 55 19 85 36 74 16 26 14 31 18 47 95 21 64 23 45 32 68 90 10 49 28 86 58 41 40 76 63 43 44 46 50 61 80 52 54 84 13 22 8 57 42 65 66 71 69 59 53 75 79 97 93 5 24 88 89 92 7 34 0 1 6 9 11 12 17 20 25 27 29 30 33 35 37 38 39 48 51 56 60 62 67 70 72 73 78 82 83 87 91 94 96 98
w48 :  48 93 2 18 64 89 1 56 36 9 59 11 12 51 14 15 16 55 19 21 91 23 61 25 60 27 28 68 81 31 69 90 35 38 88 73 67 86 44 45 40 62 97 22 53 77 57 95 76 92 65 43 75 29 72 74 37 80 8 84 85 94 13 34 20 0 3 4 5 6 7 10 17 24 26 30 32 33 39 41 42 46 47 49 50 52 54 58 63 66 70 71 78 79 82 83 87 96 98 99
w49 :  19 1 10 20 16 54 6 7 36 9 11 72 14 58 17 96 25 82 21 64 23 2 95 22 87 31 30 32 85 34 35 69 37 38 40 41 45 51 13 24 47 48 49 52 53 92 56 90 88 57 43 63 97 27 61 98 26 73 84 75 76 5 80 89 83 33 50 67 15 79 59 0 3 4 8 12 18 28 29 39 42 44 46 55 60 62 65 66 68 70 71 74 77 78 81 86 91 93 94 99
w50 :  7 25 2 89 83 93 81 24 99 49 26 12 63 68 15 16 41 30 19 21 78 74 32 72 10 39 31 33 38 35 77 37 75 62 4 52 86 46 18 48 40 51 66 54 57 58 76 55 71 91 65 8 90 97 73 69 88 64 53 84 11 98 44 94 50 70 0 1 3 5 6 9 13 14 17 20 22 23 27 28 29 34 36 42 43 45 47 56 59 60 61 67 79 80 82 85 87 92 95 96
w51 :  21 1 52 87 4 91 17 7 8 9 50 11 92 43 80 61 68 79 6 20 22 23 60 93 26 53 28 29 84 36 32 33 34 49 27 45 39 40 82 42 25 46 73 30 44 54 55 70 13 62 86 64 56 98 74 75 76 71 78 81 69 85 41 83 94 0 10 2 3 5 12 14 15 16 18 19 24 31 35 37 38 47 48 51 57 58 59 63 65 66 67 72 77 88 89 90 95 96 97 99
w52 :  61 39 51 72 4 2 76 7 84 83 10 69 12 13 68 71 16 44 67 31 77 97 99 3 60 25 11 75 28 27 29 56 32 74 35 92 38 87 64 96 53 45 47 48 49 59 33 34 54 37 57 58 73 62 8 30 22 80 14 78 95 91 23 90 36 93 94 6 0 1 5 9 15 17 18 19 20 21 24 26 40 41 42 43 46 50 52 55 63 65 66 70 79 81 82 85 86 88 89 98
w53 :  5 1 2 45 55 82 16 51 97 9 38 43 12 83 23 7 50 0 18 19 20 8 13 41 44 26 86 74 27 81 32 33 64 37 63 22 56 40 60 67 46 62 28 52 89 88 57 58 14 61 76 65 66 87 25 70 93 75 69 78 96 80 31 6 85 94 91 95 15 3 4 10 11 17 21 24 29 30 34 35 36 39 42 47 48 49 53 54 59 68 71 72 73 77 79 84 90 92 98 99
w54 :  38 9 10 3 75 5 6 61 8 77 48 12 52 72 15 16 90 68 85 34 21 22 95 24 25 26 28 67 45 57 33 51 31 36 37 80 40 66 44 42 63 18 19 64 86 55 17 30 59 76 7 23 93 94 65 20 99 97 43 41 82 83 78 98 32 92 96 69 0 1 2 4 11 13 14 27 29 35 39 46 47 49 50 53 54 56 58 60 62 70 71 73 74 79 81 84 87 88 89 91
w55 :  0 86 64 3 4 2 6 7 24 9 10 29 12 39 14 37 26 82 18 22 97 21 20 73 15 94 41 28 32 78 71 35 42 81 99 74 65 45 11 47 48 13 50 51 52 90 67 56 92 33 88 83 46 87 80 68 31 70 40 72 75 19 91 85 98 55 93 95 1 5 8 16 17 23 25 27 30 34 36 38 43 44 49 53 54 57 58 59 60 61 62 63 66 69 76 77 79 84 89 96
w56 :  67 45 14 3 20 93 6 90 8 48 10 11 12 17 23 65 55 18 38 49 2 41 62 63 26 27 58 29 30 32 91 35 36 37 39 33 43 24 44 46 61 73 50 51 47 99 56 85 52 59 60 66 68 69 77 5 72 81 75 57 78 79 80 87 42 86 92 34 53 0 1 4 7 9 13 15 16 19 21 22 25 28 31 40 54 64 70 71 74 76 82 83 84 88 89 94 95 96 97 98
w57 :  95 50 2 3 43 24 82 7 8 9 83 47 80 13 33 15 77 17 10 19 20 21 22 88 67 26 63 76 45 31 81 85 29 41 36 94 61 12 40 65 71 46 96 49 89 48 32 53 52 44 42 23 58 64 73 60 69 68 93 57 18 66 78 79 1 35 14 4 90 92 97 0 5 6 11 16 25 27 28 30 34 37 38 39 51 54 55 56 59 62 70 72 74 75 84 86 87 91 98 99
w58 :  22 1 2 3 24 53 19 7 8 9 95 90 40 13 51 15 16 88 20 34 81 23 47 89 26 27 28 80 94 31 38 36 48 14 87 44 42 45 32 91 93 10 55 73 58 62 11 61 68 79 67 97 30 71 72 43 74 86 69 84 82 4 57 85 41 78 18 56 96 75 0 5 6 12 17 21 25 29 33 35 37 39 46 49 50 52 54 59 60 63 64 65 66 70 76 77 83 92 98 99
w59 :  0 1 19 40 9 5 6 15 50 10 11 81 13 38 16 17 18 54 95 67 22 92 24 26 27 76 49 30 88 32 97 64 89 75 37 28 41 42 60 72 47 52 23 96 21 2 58 83 63 59 45 66 48 68 53 77 80 46 90 73 33 87 84 31 25 3 4 7 8 12 14 20 29 34 35 36 39 43 44 51 55 56 57 61 62 65 69 70 71 74 78 79 82 85 86 91 93 94 98 99
w60 :  50 63 2 21 99 9 72 35 14 19 48 11 12 91 75 16 17 18 8 52 47 30 70 26 93 80 42 31 32 73 0 37 41 40 90 58 44 81 46 59 49 97 65 15 82 28 57 5 54 29 6 62 66 88 33 69 4 77 76 92 53 64 27 84 78 86 95 89 51 98 1 3 7 10 13 20 22 23 24 25 34 36 38 39 43 45 55 56 60 61 67 68 71 74 79 83 85 87 94 96
w61 :  0 45 82 18 4 5 6 7 8 9 10 41 33 69 94 15 59 17 11 20 21 22 93 23 62 73 27 85 29 30 76 43 49 34 52 46 89 53 36 42 44 32 55 48 60 86 64 26 79 99 98 80 61 66 92 1 95 70 50 84 75 25 77 81 51 3 91 78 40 96 39 71 2 12 13 14 16 19 24 28 31 35 37 38 47 54 56 57 58 63 65 67 68 72 74 83 87 88 90 97
w62 :  66 1 4 33 71 39 47 80 83 9 10 29 91 25 14 15 16 17 87 19 64 88 22 18 68 27 28 59 2 6 32 34 84 92 51 77 94 85 23 44 45 46 60 30 13 57 49 70 54 56 69 89 58 26 95 7 5 67 73 76 75 78 61 81 43 74 11 93 62 35 96 12 0 3 8 20 21 24 31 36 37 38 40 41 42 48 50 52 53 55 63 65 72 79 82 86 90 97 98 99
w63 :  45 93 2 7 87 43 6 85 9 52 35 96 13 14 58 18 19 20 60 40 46 65 3 26 63 48 30 66 32 33 34 89 31 82 38 39 76 80 74 50 90 99 16 49 1 51 54 22 56 55 91 53 23 64 8 73 83 70 97 75 69 95 37 28 68 61 92 94 5 0 4 10 11 12 15 17 21 24 25 27 29 36 41 42 44 47 57 59 62 67 71 72 77 78 79 81 84 86 88 98
w64 :  8 46 89 3 0 5 33 7 67 57 38 12 78 62 15 16 17 76 93 95 21 32 23 48 43 26 85 75 82 31 2 44 56 55 50 59 6 92 80 49 40 41 68 35 60 61 1 96 98 63 64 65 66 94 34 72 77 69 19 29 71 86 42 83 90 45 99 52 4 9 10 11 13 14 18 20 22 24 25 27 28 30 36 37 39 47 51 53 54 58 70 73 74 79 81 84 87 88 91 97
w65 :  0 4 20 3 52 48 7 46 9 10 83 12 97 14 15 66 79 74 21 19 88 24 58 26 13 29 98 31 32 37 68 99 34 45 39 40 70 89 42 44 61 84 28 69 50 96 92 54 56 90 81 5 60 65 6 94 67 73 18 75 64 35 80 82 78 91 95 1 2 8 11 16 17 22 23 25 27 30 33 36 38 41 43 47 49 51 53 55 57 59 62 63 71 72 76 77 85 86 87 93
w66 :  23 62 20 3 65 61 6 68 8 9 10 63 12 79 14 26 16 50 18 78 80 22 24 13 27 93 29 30 47 86 95 35 36 75 82 39 85 41 74 66 44 46 56 87 55 52 89 48 45 58 2 5 59 67 81 69 77 4 91 17 72 99 90 92 15 40 0 57 88 33 1 7 11 19 21 25 28 31 32 34 37 38 42 43 49 51 53 54 60 64 70 71 73 76 83 84 94 96 97 98
w67 :  12 77 2 3 4 15 56 8 43 10 13 85 97 58 79 89 66 20 21 22 64 24 74 26 27 68 50 31 32 34 80 36 88 92 93 35 41 42 90 46 47 37 65 52 75 55 71 94 86 63 44 73 69 54 57 78 29 16 45 14 38 76 49 28 23 95 19 30 0 1 5 6 7 9 11 17 18 25 33 39 40 48 51 53 59 60 61 62 67 70 72 81 82 83 84 87 91 96 98 99
w68 :  0 1 90 27 92 5 60 7 9 78 95 55 13 48 69 16 89 18 19 97 31 86 14 73 56 81 53 28 44 74 37 34 91 36 41 38 11 40 94 43 45 82 66 84 88 26 25 77 79 3 61 8 98 65 30 72 67 93 15 12 80 2 71 68 51 87 76 96 20 4 6 10 17 21 22 23 24 29 32 33 35 39 42 46 47 49 50 52 54 57 58 59 62 63 64 70 75 83 85 99
w69 :  95 25 2 3 46 1 6 35 0 9 45 11 29 53 96 16 17 41 48 83 22 72 24 64 67 27 71 15 30 31 32 98 56 13 38 84 40 44 52 47 49 54 59 80 88 57 82 33 18 91 87 58 69 50 37 73 43 76 63 20 79 23 26 19 90 10 89 92 14 42 97 4 5 7 8 12 21 28 34 36 39 51 55 60 61 62 65 66 68 70 74 75 77 78 81 85 86 93 94 99
w70 :  2 64 9 33 58 20 70 96 98 11 12 49 14 15 16 65 91 19 51 52 13 23 24 25 26 35 39 88 31 32 61 36 37 97 41 74 94 50 83 57 66 69 73 21 4 90 10 53 62 67 76 40 71 72 99 75 7 27 93 47 78 79 63 89 46 92 80 0 1 3 5 6 8 17 18 22 28 29 30 34 38 42 43 44 45 48 54 55 56 59 60 68 77 81 82 84 85 86 87 95
w71 :  7 1 36 26 4 71 6 8 9 10 41 47 62 14 93 21 17 39 61 20 86 91 83 25 27 66 29 30 55 60 50 90 13 22 42 85 44 75 78 49 51 80 53 40 73 92 5 12 64 95 70 82 69 96 74 76 67 79 32 81 98 84 31 33 28 57 54 46 43 48 99 0 2 3 11 15 16 18 19 23 24 34 35 37 38 45 52 56 58 59 63 65 68 72 77 87 88 89 94 97
w72 :  11 76 2 56 4 5 6 25 86 9 10 12 13 14 15 16 18 33 51 89 23 67 80 65 27 28 49 30 31 73 74 35 36 37 38 39 47 95 52 44 46 97 94 68 69 57 58 17 59 7 21 83 8 62 79 71 75 77 87 81 22 29 32 91 93 96 20 54 0 1 3 19 24 26 34 40 41 42 43 45 48 50 53 55 60 61 63 64 66 70 72 78 82 84 85 88 90 92 98 99
w73 :  21 32 58 80 88 42 6 7 8 9 10 64 13 20 75 61 29 18 19 22 82 11 37 26 27 28 65 16 84 1 34 90 38 39 40 41 23 50 95 59 46 52 43 2 51 12 55 60 56 89 68 63 66 77 70 81 54 74 76 91 83 69 85 44 93 94 15 0 3 4 5 14 17 24 25 30 31 33 35 36 45 47 48 49 53 57 62 67 71 72 73 78 79 86 87 92 96 97 98 99
w74 :  0 1 6 3 62 5 7 8 9 40 92 66 96 75 15 33 17 19 76 21 63 24 85 26 97 99 29 64 51 25 73 36 80 38 39 65 41 42 43 91 82 46 77 44 86 50 67 10 78 55 57 56 22 16 69 94 59 68 34 74 95 90 45 87 23 71 18 72 93 35 89 31 2 4 11 12 13 14 20 27 28 30 32 37 47 48 49 52 53 54 58 60 61 70 79 81 83 84 88 98
w75 :  0 82 87 3 4 26 80 7 97 10 45 12 13 81 44 24 33 18 19 20 21 75 88 32 8 73 6 28 65 30 94 15 74 53 54 98 79 56 71 64 46 35 48 51 52 29 89 67 55 85 96 61 86 14 69 84 99 68 34 70 2 72 36 77 78 57 66 23 50 93 39 40 1 5 9 11 16 17 22 25 27 31 37 38 41 42 43 47 49 58 59 60 62 63 76 83 90 91 92 95
w76 :  41 1 51 3 4 69 6 90 59 74 55 73 12 43 14 23 16 27 18 82 61 47 8 56 24 94 91 26 29 79 32 97 35 36 84 66 39 42 44 45 46 17 52 70 7 58 50 48 63 96 65 57 9 77 5 20 75 85 80 81 62 10 99 88 40 38 67 86 0 2 11 13 15 19 21 22 25 28 30 31 33 34 37 49 53 54 60 64 68 71 72 76 78 83 87 89 92 93 95 98
w77 :  28 10 36 3 44 2 11 86 78 16 29 12 34 8 15 20 18 19 85 50 22 23 24 45 79 14 80 73 55 31 66 46 67 21 90 37 75 4 40 41 42 43 47 88 49 69 87 71 53 65 89 32 57 58 77 61 38 76 35 68 81 6 64 13 63 95 94 97 84 52 0 1 5 7 9 17 25 26 27 30 33 39 48 51 54 56 59 60 62 70 72 74 82 83 91 92 93 96 98 99
w78 :  0 1 2 79 92 13 56 7 8 9 88 11 68 91 31 16 61 18 19 55 21 34 90 25 62 27 28 40 12 58 33 74 72 36 37 38 45 43 44 47 51 14 99 53 60 15 89 95 67 97 65 69 49 73 75 81 77 76 96 93 85 3 57 87 30 94 98 20 4 5 6 10 17 22 23 24 26 29 32 35 39 41 42 46 48 50 52 54 59 63 64 66 70 71 78 80 82 83 84 86
w79 :  62 52 89 41 49 5 6 7 61 9 2 11 56 13 14 15 16 17 21 20 37 22 23 30 31 26 27 96 29 57 76 34 80 36 38 32 45 77 44 46 50 48 82 72 53 54 70 58 67 74 73 63 64 42 98 69 71 19 47 25 87 79 81 43 83 84 90 88 95 97 0 1 3 4 8 10 12 18 24 28 33 35 39 40 51 55 59 60 65 66 68 75 78 85 86 91 92 93 94 99
w80 :  27 32 16 40 4 69 87 33 54 9 11 15 13 14 83 51 19 20 21 22 10 90 25 26 72 88 39 30 31 49 75 73 52 64 2 86 94 44 65 53 71 50 70 55 66 58 82 24 91 62 63 38 68 98 35 12 0 93 76 5 78 37 99 95 84 46 97 41 79 60 1 3 6 7 8 17 18 23 28 29 34 36 42 43 45 47 48 56 57 59 61 67 74 77 80 81 85 89 92 96
w81 :  33 62 39 60 4 85 8 7 17 25 10 81 54 68 47 15 91 18 40 20 21 22 23 86 26 27 28 79 30 31 32 34 35 45 24 9 50 44 46 64 49 53 11 55 6 12 84 43 61 71 73 41 66 29 51 95 5 52 78 42 0 75 92 93 96 65 98 1 2 3 13 14 16 19 36 37 38 48 56 57 58 59 63 67 69 70 72 74 76 77 80 82 83 87 88 89 90 94 97 99
w82 :  46 73 2 33 4 5 60 7 59 75 10 30 12 14 15 16 95 92 67 21 87 23 17 25 71 27 28 29 80 9 36 96 62 51 45 93 68 70 44 78 39 47 79 49 50 94 54 57 32 58 6 38 83 40 11 69 19 74 76 84 48 88 89 90 91 55 0 1 3 8 13 18 20 22 24 26 31 34 35 37 41 42 43 52 53 56 61 63 64 65 66 72 77 81 82 85 86 97 98 99
w83 :  1 32 50 41 4 78 37 7 58 9 10 11 12 13 33 95 60 18 83 19 89 65 56 23 38 40 26 93 28 99 31 34 74 21 16 82 63 43 86 51 46 75 94 64 52 2 6 27 57 61 79 91 72 69 70 87 84 76 49 80 81 14 85 39 88 90 96 97 0 3 5 8 15 17 20 22 24 25 29 30 35 36 42 44 45 47 48 53 54 55 59 62 66 67 68 71 73 77 92 98
w84 :  0 1 31 3 48 93 6 7 65 9 10 57 15 56 16 95 18 19 98 21 23 72 26 88 8 40 22 5 33 70 64 36 52 38 39 59 25 42 69 90 45 46 91 12 63 51 27 84 24 17 77 99 61 92 66 32 68 74 29 37 71 43 41 47 80 78 28 97 14 89 50 94 49 2 4 11 13 20 30 34 35 44 53 54 55 58 60 62 67 73 75 76 79 81 82 83 85 86 87 96
w85 :  0 46 65 32 4 86 6 7 21 68 10 11 35 45 14 82 69 13 18 19 78 75 22 24 1 26 94 28 29 74 31 33 96 81 39 40 89 70 91 84 3 92 85 52 88 9 37 93 12 8 87 15 55 63 64 97 98 71 99 67 80 48 34 44 2 90 73 72 20 5 16 17 23 25 27 30 36 38 41 42 43 47 49 50 51 53 54 56 57 58 59 60 61 62 66 76 77 79 83 95
w86 :  54 1 36 3 50 32 6 92 8 72 59 74 12 31 14 23 87 61 18 89 57 73 16 24 93 20 45 75 68 66 11 39 35 55 79 80 43 41 46 44 62 47 48 29 17 10 25 27 65 85 56 60 67 99 69 70 37 97 77 4 81 91 42 86 52 88 82 90 78 0 2 5 7 9 13 15 19 21 22 26 28 30 33 34 38 40 49 51 53 58 63 64 71 76 83 84 94 95 96 98
w87 :  71 44 2 3 45 68 96 57 80 93 23 85 14 47 15 22 49 18 19 20 21 24 41 26 27 28 81 31 64 32 35 36 76 67 55 40 42 43 78 46 50 52 5 33 58 59 16 61 51 89 66 69 65 73 7 77 79 83 72 88 90 75 4 17 29 97 0 1 6 8 9 10 11 12 13 25 30 34 37 38 39 48 53 54 56 60 62 63 70 74 82 84 86 87 91 92 94 95 98 99
w88 :  99 1 65 3 79 56 33 7 25 9 72 11 44 13 68 40 67 18 19 20 95 90 23 55 89 27 28 87 30 31 53 47 34 81 58 61 36 43 97 8 15 51 78 62 57 59 48 2 74 60 69 73 96 75 76 94 84 80 66 93 85 88 91 45 37 41 0 4 5 6 10 12 14 16 17 21 22 24 26 29 32 35 38 39 42 46 49 50 52 54 63 64 70 71 77 82 83 86 92 98
w89 :  90 81 2 3 58 95 6 7 96 10 11 28 13 14 22 30 97 16 72 17 67 25 29 27 41 52 31 32 94 53 15 23 37 38 50 19 87 42 57 44 80 47 9 92 4 54 45 40 84 77 35 64 73 75 82 20 36 48 78 66 76 98 79 46 88 85 89 12 51 21 24 0 1 5 8 18 26 33 34 39 43 49 55 56 59 60 61 62 63 65 68 69 70 71 74 83 86 91 93 99
w90 :  0 79 2 62 14 49 32 7 9 53 52 12 13 50 15 16 66 65 19 24 21 64 42 91 25 26 22 58 98 33 5 35 37 38 39 40 41 17 94 44 69 73 47 89 90 31 99 48 95 78 51 85 60 72 70 75 67 68 97 71 76 4 20 46 81 88 92 93 11 1 3 6 8 10 18 23 27 28 29 30 34 36 43 45 54 55 56 57 59 61 63 74 77 80 82 83 84 86 87 96
w91 :  44 1 2 19 4 91 6 7 8 9 10 41 33 36 49 82 17 28 79 20 51 29 22 18 55 26 23 73 78 95 99 13 84 31 39 40 21 42 43 75 45 46 12 48 50 64 96 53 71 0 32 89 58 86 61 24 93 25 66 67 83 70 85 74 94 62 27 68 60 30 54 92 5 98 3 11 14 15 16 34 35 37 38 47 52 56 57 59 63 65 69 72 76 77 80 81 87 88 90 97
w92 :  5 34 2 3 4 6 87 28 30 10 11 12 13 14 51 17 69 19 20 94 61 92 1 25 86 27 7 96 76 77 95 54 35 67 72 59 71 68 22 89 0 44 45 15 47 79 78 9 48 60 57 80 32 26 58 66 64 65 49 50 74 75 73 39 83 84 46 88 91 93 16 62 8 18 21 23 24 29 31 33 36 37 38 40 41 42 43 52 53 55 56 63 70 81 82 85 90 97 98 99
w93 :  59 1 2 79 5 76 65 7 9 10 31 75 13 23 69 16 50 60 93 35 22 54 18 27 70 61 81 99 32 33 64 92 37 94 40 41 36 6 89 46 43 95 51 52 53 12 56 57 58 28 74 63 14 66 49 42 83 91 26 80 82 8 85 34 45 88 55 96 97 0 3 4 11 15 17 19 20 21 24 25 29 30 38 39 44 47 48 62 67 68 71 72 73 77 78 84 86 87 90 98
w94 :  0 17 83 3 97 5 6 7 8 19 33 35 75 15 16 65 44 21 22 23 55 68 94 67 28 79 98 32 88 36 95 40 64 80 43 46 74 56 45 50 51 52 13 31 57 59 77 99 63 66 69 12 9 72 73 90 47 86 89 48 85 18 53 38 29 93 96 78 1 2 4 10 11 14 20 24 25 26 27 30 34 37 39 41 42 49 54 58 60 61 62 70 71 76 81 82 84 87 91 92
