m0 :  91 1 2 31 4 5 6 7 83 9 23 11 87 90 32 15 34 76 20 21 48 22 79 25 60 27 28 75 37 82 3 35 30 89 16 42 43 93 85 46 88 50 59 74 53 54 66 29 70 64 57 61 51 71 65 72 45 38 86 0 92 41 81 8 10 12 13 -14 -17 -18 -19 -24 -26 -33 -36 -39 -40 -44 -47 -49 -52 -55 -56 -58 -62 -63 -67 -68 -69 -73 -77 -78 -80 -84 -94
m1 :  24 1 31 3 43 5 4 73 8 2 49 60 71 26 69 15 25 90 18 19 52 58 22 41 82 27 29 44 93 33 51 35 62 53 40 55 42 92 12 10 46 30 48 50 83 77 70 56 72 68 38 64 86 66 67 36 76 78 79 20 85 88 91 0 6 7 9 11 13 14 -16 -17 -21 -23 -28 -32 -34 -37 -39 -45 -47 -54 -57 -59 -61 -63 -65 -74 -75 -80 -81 -84 -87 -89 -94
m2 :  72 1 88 59 48 5 22 7 57 81 73 11 12 15 36 16 93 18 91 20 86 56 24 26 94 43 30 31 32 64 34 10 38 23 85 19 42 65 44 80 47 49 50 52 17 70 55 62 58 61 63 67 33 40 25 74 84 77 79 90 82 78 21 14 0 2 3 -4 -6 -8 -9 -13 -27 -28 -29 -35 -37 -39 -41 -45 -46 -51 -53 -54 -60 -66 -68 -69 -71 -75 -76 -83 -87 -89 -92
m3 :  7 62 2 32 4 5 6 15 9 60 30 38 35 24 47 86 50 19 80 94 45 23 25 20 44 28 67 3 31 33 46 36 37 90 41 14 82 66 1 21 73 81 52 53 87 11 56 71 27 61 63 89 65 39 75 79 74 8 17 78 68 10 48 54 49 0 12 13 16 18 22 26 29 -34 -40 -42 -43 -51 -55 -57 -58 -59 -64 -69 -70 -72 -76 -77 -83 -84 -85 -88 -91 -92 -93
m4 :  0 60 2 81 32 22 20 51 61 9 10 28 63 13 14 15 17 92 19 77 64 24 53 26 56 50 91 31 33 52 35 36 37 38 72 82 42 39 45 49 80 88 57 54 25 71 62 84 12 78 75 94 73 74 87 46 89 21 34 1 3 4 5 6 7 8 11 16 18 23 27 29 30 40 41 43 44 47 48 55 58 59 65 66 67 68 69 70 76 79 83 85 -86 -90 -93
m5 :  17 1 43 2 4 6 59 8 9 48 11 71 69 91 15 16 82 87 20 21 30 22 50 64 26 57 28 29 65 31 77 34 35 85 37 38 12 70 41 83 84 45 46 73 79 18 92 53 54 58 60 61 66 68 27 90 55 75 5 3 93 89 86 88 13 0 7 10 14 19 23 24 25 32 -33 -36 -39 -40 -42 -44 -47 -49 -51 -52 -56 -62 -63 -67 -72 -74 -76 -78 -80 -81 -94
m6 :  85 76 71 3 4 66 6 43 79 9 29 11 12 60 16 15 88 55 19 20 21 22 90 27 0 24 31 32 33 34 35 36 37 38 28 40 42 72 48 49 50 51 52 54 56 26 58 77 62 83 92 89 68 93 17 73 1 67 81 46 86 70 2 5 7 8 10 13 14 18 23 25 30 39 41 44 45 47 53 57 59 61 63 64 -65 -69 -74 -75 -78 -80 -82 -84 -87 -91 -94
m7 :  14 56 26 36 5 44 7 20 86 10 4 12 22 94 16 17 18 19 21 23 24 25 91 31 15 35 32 81 34 73 37 38 68 85 42 47 49 50 52 53 27 55 57 58 79 61 1 63 65 66 59 93 29 78 76 77 30 82 84 67 88 92 0 2 3 6 8 9 11 13 28 33 39 40 41 43 45 46 -48 -51 -54 -60 -62 -64 -69 -70 -71 -72 -74 -75 -80 -83 -87 -89 -90
m8 :  29 32 2 8 90 17 6 7 23 80 74 93 14 15 16 73 46 20 21 0 24 48 66 41 88 38 30 31 33 10 35 36 37 39 53 62 5 44 47 86 50 60 52 91 67 89 68 65 78 82 63 64 69 25 94 75 77 81 9 87 59 1 3 4 11 12 13 18 19 22 26 27 28 34 40 42 43 45 49 51 54 55 -56 -57 -58 -61 -70 -71 -72 -76 -79 -83 -84 -85 -92
m9 :  0 84 15 3 4 5 26 7 17 28 10 12 13 14 16 78 19 20 52 22 11 57 25 27 94 31 32 33 48 35 36 37 74 39 40 61 82 45 2 69 80 50 51 55 60 89 62 63 64 1 53 58 70 71 72 73 75 9 88 93 86 87 49 81 6 8 18 21 23 24 29 30 34 38 41 42 43 44 46 47 54 56 59 65 66 -67 -68 -76 -77 -79 -83 -85 -90 -91 -92
m10 :  3 1 2 4 5 6 7 8 9 10 11 12 25 30 15 16 40 18 46 20 21 38 23 81 61 29 37 31 32 34 88 50 39 85 42 43 57 73 66 79 54 75 14 92 83 78 28 22 64 65 86 76 71 72 44 59 26 60 89 90 91 62 0 13 17 19 24 27 33 35 36 41 45 47 48 49 51 52 53 55 56 -58 -63 -67 -68 -69 -70 -74 -77 -80 -82 -84 -87 -93 -94
m11 :  0 1 3 15 83 5 6 35 58 9 47 11 52 75 19 90 18 49 20 12 93 25 33 62 79 29 17 31 32 76 55 36 72 38 86 40 41 42 44 46 48 22 85 51 77 68 81 89 60 71 92 66 54 70 27 13 4 73 50 2 64 37 88 34 7 8 10 14 16 21 23 24 26 28 30 39 -43 -45 -53 -56 -57 -59 -61 -63 -65 -67 -69 -74 -78 -80 -82 -84 -87 -91 -94
m12 :  20 1 91 4 34 5 46 7 36 13 10 11 94 66 59 44 17 18 19 21 86 23 85 25 26 63 27 65 88 31 55 35 67 33 40 52 43 61 28 47 92 49 32 77 16 80 56 58 89 64 57 48 69 54 73 74 22 8 79 38 83 60 78 93 0 2 3 6 9 12 14 -15 -24 -29 -30 -37 -39 -41 -42 -45 -50 -51 -53 -62 -68 -70 -71 -72 -75 -76 -81 -82 -84 -87 -90
m13 :  21 62 2 3 4 5 6 75 8 9 64 61 65 19 82 67 85 73 18 74 48 23 90 20 26 92 60 29 79 63 47 33 40 35 36 15 38 39 41 68 44 45 46 50 76 52 55 56 53 59 69 93 14 7 84 71 87 17 24 86 94 30 32 1 89 49 0 10 11 12 13 16 22 25 27 28 31 -34 -37 -42 -43 -51 -54 -57 -58 -66 -70 -72 -77 -78 -80 -81 -83 -88 -91
m14 :  89 62 2 3 4 14 74 7 17 9 12 11 15 56 45 88 75 82 22 24 25 26 27 28 66 83 31 50 81 36 37 19 39 43 48 63 32 90 49 51 53 54 34 57 10 1 60 61 84 16 87 0 77 71 72 73 21 78 33 69 42 91 93 94 5 6 8 13 18 20 -23 -29 -30 -35 -38 -40 -41 -44 -46 -47 -52 -55 -58 -59 -64 -65 -67 -68 -70 -76 -79 -80 -85 -86 -92
m15 :  85 43 2 3 4 82 6 1 35 9 32 11 49 78 75 15 16 33 18 29 86 31 25 26 42 28 92 30 39 34 68 77 37 38 40 41 66 46 20 48 50 51 47 89 13 79 59 60 61 21 63 65 90 70 8 54 83 74 19 57 88 22 23 0 5 7 10 12 14 17 24 27 36 44 45 52 53 -55 -56 -58 -62 -64 -67 -69 -71 -72 -73 -76 -80 -81 -84 -87 -91 -93 -94
m16 :  62 40 8 3 4 42 6 18 54 0 11 12 86 27 15 16 17 19 29 90 55 91 24 32 31 71 66 48 34 83 52 76 60 36 67 43 51 25 79 85 35 49 50 77 93 56 33 5 81 64 21 68 88 22 72 73 26 7 20 80 1 58 89 92 82 2 9 10 13 14 23 28 30 37 38 39 -41 -44 -45 -46 -47 -53 -57 -59 -61 -63 -65 -69 -70 -74 -75 -78 -84 -87 -94
m17 :  0 32 7 58 4 5 75 8 2 10 11 16 59 86 17 18 19 20 21 50 55 24 26 27 82 41 76 33 34 35 1 38 80 40 23 12 43 44 57 47 64 48 73 22 53 30 56 66 94 62 63 65 61 69 78 88 84 77 74 15 79 85 52 90 91 3 6 9 13 14 25 28 29 31 36 37 39 42 45 -46 -49 -51 -54 -60 -67 -68 -70 -71 -72 -81 -83 -87 -89 -92 -93
m18 :  78 1 2 89 45 5 65 7 17 9 75 49 77 74 14 15 68 39 41 53 21 20 23 24 63 36 27 8 29 33 31 32 62 85 35 38 4 64 50 44 46 87 48 0 52 61 94 90 93 66 69 76 40 79 73 16 47 86 82 84 25 88 3 6 10 11 12 13 18 19 22 -26 -28 -30 -34 -37 -42 -43 -51 -54 -55 -56 -57 -58 -59 -60 -67 -70 -71 -72 -80 -81 -83 -91 -92
m19 :  0 1 2 3 4 53 22 7 51 9 10 12 13 14 15 54 17 32 89 20 45 21 23 46 75 26 55 28 73 63 33 37 35 36 39 74 65 62 94 44 87 70 48 49 50 31 43 84 57 58 27 52 64 60 82 72 88 66 78 69 81 83 85 93 5 6 8 11 16 18 19 24 25 29 30 34 -38 -40 -41 -42 -47 -56 -59 -61 -67 -68 -71 -76 -77 -79 -80 -86 -90 -91 -92
m20 :  4 1 2 3 31 43 6 7 89 50 26 11 60 81 41 9 83 18 52 20 21 28 75 23 59 29 30 34 70 82 90 79 39 40 25 42 44 46 87 66 35 53 27 55 51 57 54 61 86 5 68 62 72 73 85 78 63 8 15 45 88 92 84 91 0 10 12 13 14 -16 -17 -19 -22 -24 -32 -33 -36 -37 -38 -47 -48 -49 -56 -58 -64 -65 -67 -69 -71 -74 -76 -77 -80 -93 -94
m21 :  0 1 83 3 4 33 86 71 60 31 50 12 90 11 15 17 18 44 20 79 22 91 24 49 87 27 28 29 30 68 52 35 36 37 77 40 51 42 43 62 46 48 55 53 56 58 74 88 92 76 66 2 72 73 93 54 38 8 47 34 94 5 6 7 9 10 13 14 16 19 21 23 25 26 32 -39 -41 -45 -57 -59 -61 -63 -64 -65 -67 -69 -70 -75 -78 -80 -81 -82 -84 -85 -89
m22 :  43 1 2 13 4 5 3 94 73 39 10 59 22 68 14 9 16 50 18 47 20 56 55 77 24 25 26 27 65 83 80 32 62 34 40 84 38 88 44 45 57 61 58 53 63 69 52 21 67 71 64 82 74 78 12 93 41 85 86 90 92 0 6 7 8 11 15 17 19 23 28 29 -30 -31 -33 -35 -36 -37 -42 -46 -48 -49 -51 -54 -60 -66 -70 -72 -75 -76 -79 -81 -87 -89 -91
m23 :  22 1 17 9 4 5 6 7 8 59 35 62 14 15 16 24 26 19 20 21 63 23 38 64 53 29 76 73 32 33 74 36 75 49 41 44 55 67 82 46 47 94 50 52 51 48 56 57 65 66 60 80 93 39 68 69 71 89 78 90 87 86 0 85 2 3 10 11 12 13 18 25 27 28 30 31 34 37 40 42 43 -45 -54 -58 -61 -70 -72 -77 -79 -81 -83 -84 -88 -91 -92
m24 :  0 1 2 4 63 73 78 80 9 10 11 12 72 14 15 16 51 19 35 71 60 57 24 89 26 28 49 37 31 32 33 77 36 67 39 62 42 84 88 74 7 50 13 53 20 94 93 45 61 52 46 54 5 68 69 70 75 58 87 81 83 22 65 17 3 6 8 18 -21 -23 -25 -27 -29 -30 -34 -38 -40 -41 -43 -44 -47 -48 -55 -56 -59 -64 -66 -76 -79 -82 -85 -86 -90 -91 -92
m25 :  2 1 3 4 5 6 7 9 21 11 27 48 32 15 16 51 18 40 20 50 23 25 57 28 29 26 31 43 75 34 76 92 66 83 70 42 49 89 45 81 53 86 35 60 36 59 90 62 47 64 10 72 74 67 68 78 58 82 38 87 88 79 46 33 0 8 12 13 14 17 19 22 24 30 37 39 41 44 52 54 55 -56 -61 -63 -65 -69 -71 -73 -77 -80 -84 -85 -91 -93 -94
m26 :  52 1 92 3 86 93 46 36 19 9 80 54 12 48 53 15 55 17 73 20 70 44 24 22 66 27 64 35 49 42 8 33 34 18 38 91 40 68 43 6 29 88 51 60 50 62 90 75 76 14 31 58 71 37 65 56 5 83 72 77 41 79 32 81 82 85 89 26 0 2 4 7 10 11 13 16 21 23 25 28 30 -39 -45 -47 -57 -59 -61 -63 -67 -69 -74 -78 -84 -87 -94
m27 :  16 21 2 76 4 5 58 7 8 19 94 82 12 75 74 62 17 18 22 88 78 73 1 32 54 49 92 10 34 55 11 37 38 90 53 91 43 44 45 35 27 66 50 84 52 56 57 59 61 63 64 65 67 23 79 41 25 26 77 85 86 87 24 0 3 6 9 13 14 15 20 28 29 30 31 33 36 39 40 42 46 47 48 51 60 -68 -69 -70 -71 -72 -80 -81 -83 -89 -93
m28 :  85 1 2 0 4 5 6 7 8 89 55 35 90 14 32 17 74 69 16 24 25 93 46 59 87 33 40 94 37 38 39 41 36 52 45 47 48 66 68 67 53 71 49 29 86 60 63 62 64 65 23 75 56 15 73 76 20 78 9 61 82 57 21 44 70 3 10 11 12 13 18 19 22 26 27 28 30 31 34 42 43 50 51 54 58 72 77 79 80 81 83 -84 -88 -91 -92
m29 :  0 54 2 56 4 19 74 7 36 9 10 61 12 28 14 33 35 17 44 25 21 16 1 49 37 89 85 31 32 34 57 39 55 15 86 42 3 87 45 58 26 22 50 51 52 93 40 94 88 62 78 64 65 69 67 68 24 71 72 75 27 80 81 84 66 63 91 90 5 6 8 11 13 18 20 23 29 30 38 41 43 46 47 48 53 59 60 70 73 76 -77 -79 -82 -83 -92
m30 :  82 1 2 3 46 59 6 7 8 9 83 11 78 20 15 16 71 18 21 61 31 25 26 27 28 29 75 90 34 43 79 5 41 50 68 45 70 48 88 93 30 55 57 49 85 63 4 86 66 38 72 73 60 76 77 81 10 42 64 89 91 92 23 35 0 12 13 14 17 19 22 24 32 33 36 37 39 40 44 47 51 -52 -53 -54 -56 -58 -62 -65 -67 -69 -74 -80 -84 -87 -94
m31 :  42 81 85 76 2 5 88 52 56 36 0 11 72 17 20 48 16 58 18 90 29 21 22 87 83 77 80 51 43 47 31 32 33 34 35 27 37 38 40 55 44 15 46 92 49 86 53 54 89 60 62 66 12 3 70 71 73 74 14 67 93 24 19 68 1 4 6 7 8 9 10 13 23 25 26 28 30 39 41 45 50 57 59 61 63 64 65 69 75 78 79 82 -84 -91 -94
m32 :  76 1 36 70 4 5 84 26 18 24 10 31 12 53 14 48 16 17 93 65 21 22 23 61 25 27 28 82 79 64 32 69 34 81 38 58 86 30 56 43 44 42 47 77 49 50 15 52 7 55 59 90 78 63 67 35 73 87 74 8 91 88 89 40 92 0 2 -3 -6 -9 -11 -13 -19 -20 -29 -33 -37 -39 -41 -45 -46 -51 -54 -57 -60 -62 -66 -68 -71 -72 -75 -80 -83 -85 -94
m33 :  56 1 4 38 52 63 32 7 8 67 68 29 30 13 14 94 33 17 27 19 20 21 5 89 24 60 73 65 2 80 35 36 69 75 45 40 41 92 46 90 47 48 74 50 11 23 66 16 82 84 87 6 62 64 44 86 0 76 78 25 49 77 9 88 15 3 10 12 18 22 -26 -28 -31 -34 -37 -39 -42 -43 -51 -53 -54 -55 -57 -58 -59 -61 -70 -71 -72 -79 -81 -83 -85 -91 -93
m34 :  0 1 2 3 13 54 8 7 76 9 36 21 12 14 15 16 5 20 69 56 31 4 26 28 32 60 88 33 74 35 37 38 87 78 72 84 83 45 46 22 42 50 51 53 62 57 58 59 64 63 75 24 25 49 93 73 89 18 81 79 80 19 86 40 17 6 10 11 23 27 29 30 34 39 -41 -43 -44 -47 -48 -52 -55 -61 -65 -66 -67 -68 -70 -71 -77 -82 -85 -90 -91 -92 -94
m35 :  1 2 20 4 6 7 8 9 10 11 34 83 15 16 30 18 51 21 29 23 26 48 5 27 28 31 61 49 35 12 46 38 3 89 42 43 45 24 74 50 88 75 59 66 55 39 57 60 86 65 68 85 70 73 76 77 78 81 82 90 93 22 0 13 14 17 19 25 32 33 36 37 40 41 44 -47 -52 -53 -54 -56 -58 -62 -63 -64 -67 -69 -71 -72 -79 -80 -84 -87 -91 -92 -94
m36 :  40 89 2 3 22 5 6 79 18 31 90 43 12 14 15 76 52 20 58 71 24 82 81 27 83 29 46 32 33 35 37 50 69 88 42 85 44 45 51 48 55 34 56 68 60 72 62 17 92 86 66 73 38 54 77 93 7 87 91 0 1 4 8 9 10 11 13 16 19 21 23 25 26 28 30 36 39 41 47 49 53 57 59 61 63 64 65 67 -70 -74 -75 -78 -80 -84 -94
m37 :  24 50 90 48 40 5 15 7 16 67 10 11 12 66 14 82 34 52 18 91 21 22 38 26 27 69 80 30 32 35 53 58 77 81 42 43 44 45 20 49 56 62 55 17 57 88 60 61 63 86 65 23 94 74 73 19 76 78 1 64 36 41 85 93 92 0 2 3 4 6 8 9 13 25 28 29 31 33 37 39 46 47 51 54 59 -68 -70 -71 -72 -75 -79 -83 -84 -87 -89
m38 :  35 1 40 39 4 5 6 7 23 9 53 66 82 13 14 15 16 17 49 19 21 74 24 86 72 28 27 32 33 25 62 46 78 90 89 71 44 45 47 50 37 52 92 80 93 56 34 41 60 73 68 20 87 67 75 36 30 85 81 65 94 84 0 2 3 8 10 11 12 18 -22 -26 -29 -31 -38 -42 -43 -48 -51 -54 -55 -57 -58 -59 -61 -63 -64 -69 -70 -76 -77 -79 -83 -88 -91
m39 :  0 16 2 3 4 78 59 7 25 9 10 79 12 93 14 15 61 17 13 81 84 20 22 31 46 32 43 28 24 36 33 72 52 37 5 87 45 68 86 42 48 56 49 50 39 53 54 57 58 60 63 64 90 74 71 89 75 94 82 51 85 88 91 1 6 8 11 18 19 21 23 26 27 29 30 34 35 38 40 41 44 47 55 -62 -65 -66 -67 -69 -70 -73 -76 -77 -80 -83 -92
m40 :  62 1 2 7 4 82 6 70 9 51 11 84 8 64 15 43 19 18 68 20 21 92 78 24 25 26 27 28 29 22 41 40 35 16 31 60 42 81 46 79 88 50 53 23 94 57 0 59 3 61 38 66 67 71 65 75 55 63 83 86 89 90 91 73 74 5 10 12 13 14 17 30 32 33 34 36 37 39 44 45 -47 -48 -49 -52 -54 -56 -58 -69 -72 -76 -77 -80 -85 -87 -93
m41 :  0 86 48 3 4 27 6 41 8 90 28 11 12 69 34 15 2 68 18 19 83 50 22 62 74 25 29 56 31 79 33 35 36 73 59 51 42 66 87 46 21 52 53 20 55 91 58 60 76 94 64 70 71 72 1 16 77 89 81 44 80 93 49 5 7 9 10 13 14 17 23 24 26 30 32 -37 -38 -39 -40 -43 -45 -47 -54 -57 -61 -63 -65 -67 -75 -78 -82 -84 -85 -88 -92
m42 :  56 1 64 8 91 5 78 7 30 65 10 60 12 87 14 18 16 59 80 20 21 22 85 79 25 26 82 28 54 76 32 58 34 36 86 66 40 90 43 44 45 73 53 94 49 50 52 17 55 63 93 62 67 77 69 6 15 19 74 57 88 89 92 0 2 3 4 9 11 13 23 24 27 29 31 33 35 37 38 39 41 42 46 47 48 51 -61 -68 -70 -71 -72 -75 -81 -83 -84
m43 :  74 1 48 56 86 5 35 7 8 78 85 11 22 23 14 15 17 20 33 21 62 24 25 10 61 29 53 31 32 75 57 38 37 39 46 42 84 65 89 47 52 49 94 66 55 87 4 34 45 69 63 67 68 64 73 90 13 79 80 50 82 88 36 6 2 93 0 3 9 12 16 18 19 26 27 28 30 40 41 43 44 51 54 58 59 60 70 71 72 76 77 -81 -83 -91 -92
m44 :  45 94 2 93 4 5 44 31 57 9 10 42 13 14 15 0 17 35 19 62 3 22 16 24 20 26 12 28 63 43 88 32 33 50 36 37 71 72 40 56 51 75 89 58 52 53 64 39 86 78 61 54 74 67 68 69 87 90 77 79 80 81 84 46 91 1 6 7 8 11 18 21 23 25 27 29 30 34 38 41 47 48 49 55 59 60 65 66 -70 -73 -76 -82 -83 -85 -92
m45 :  82 1 2 20 4 5 6 7 8 9 10 11 77 40 78 15 75 18 64 21 28 42 24 26 27 29 59 31 32 50 34 60 3 37 70 89 46 43 35 47 48 51 38 54 83 66 65 67 68 76 71 72 91 74 90 79 57 86 85 88 92 45 0 12 13 14 16 17 19 22 23 25 30 33 36 39 41 44 49 52 53 -55 -56 -58 -61 -62 -63 -69 -73 -80 -81 -84 -87 -93 -94
m46 :  0 1 2 3 85 5 17 9 72 68 11 12 79 14 15 71 18 19 20 21 29 36 24 8 16 44 76 35 32 33 65 40 30 42 4 83 46 90 48 49 31 51 52 53 93 56 84 27 6 22 62 64 66 69 58 38 73 80 81 74 60 37 88 89 34 92 55 86 7 10 13 23 25 26 28 39 41 43 45 47 50 54 57 59 61 63 67 -70 -75 -77 -78 -82 -87 -91 -94
m47 :  62 88 10 61 4 16 50 7 59 69 18 92 12 60 14 73 17 19 20 32 22 5 24 25 34 86 28 72 67 11 66 56 43 38 39 40 74 21 44 35 89 49 2 77 55 58 94 63 79 65 23 68 64 76 78 52 47 82 8 33 85 53 90 1 42 93 0 3 6 9 13 15 26 27 29 30 31 36 37 41 45 46 48 51 54 57 70 71 75 80 81 83 84 -87 -91
m48 :  36 1 8 3 4 15 87 7 65 5 52 32 35 40 14 78 17 2 19 29 6 23 24 75 25 0 45 26 33 62 37 38 39 50 86 44 73 47 48 21 64 88 94 70 49 66 90 41 69 63 67 68 74 89 59 60 82 46 85 81 20 9 10 11 12 13 16 18 22 27 28 30 31 34 42 43 51 53 54 55 56 57 58 61 71 72 76 77 79 80 83 84 91 92 -93
m49 :  89 28 2 3 4 53 33 7 21 9 63 11 12 36 14 88 16 17 59 19 20 22 23 32 26 90 74 15 73 35 51 81 39 40 92 42 45 13 48 55 50 0 84 54 46 56 31 62 60 87 80 66 79 10 72 75 1 78 57 52 94 61 37 91 34 93 5 6 8 18 24 25 27 29 30 38 41 43 44 47 49 58 64 65 67 68 69 70 71 76 77 82 83 85 -86
m50 :  10 1 2 66 4 5 6 7 59 9 11 44 78 33 15 16 77 18 26 20 21 8 3 25 46 29 65 31 37 24 34 84 38 40 43 42 53 48 49 50 23 52 83 54 87 89 28 60 75 86 64 88 68 76 70 71 85 32 74 79 67 90 91 92 0 12 13 14 17 19 22 27 30 35 36 39 41 45 47 51 55 56 57 58 61 62 63 69 72 73 80 81 82 93 94
m51 :  56 81 92 3 0 31 76 50 8 34 5 12 27 79 48 16 52 71 19 20 22 30 24 91 58 17 29 43 68 33 35 36 37 38 11 42 77 62 44 64 89 55 93 53 15 83 51 65 60 88 85 18 73 67 90 70 72 46 6 74 9 82 86 4 49 23 1 2 7 10 13 14 21 25 26 28 32 39 40 41 45 47 54 57 59 61 63 66 69 75 78 80 84 87 -94
m52 :  89 1 2 67 22 5 53 7 8 10 55 12 23 14 75 16 17 18 19 20 21 24 61 26 77 83 59 32 33 34 69 65 37 38 84 40 52 25 43 44 45 47 49 50 39 91 94 57 58 63 64 66 80 13 74 88 76 78 86 81 30 56 93 82 92 0 3 4 6 9 11 15 27 28 29 31 35 36 -41 -42 -46 -48 -51 -54 -60 -62 -68 -70 -71 -72 -73 -79 -85 -87 -90
m53 :  53 1 56 31 46 15 6 7 8 9 10 21 89 14 36 44 77 50 48 23 22 24 19 26 94 90 85 5 32 33 57 82 37 38 75 20 43 45 47 80 66 52 3 55 40 61 86 60 73 49 74 67 68 39 35 25 65 62 76 78 87 29 69 51 63 93 0 2 4 11 12 13 16 17 18 27 28 30 34 41 42 54 58 59 64 70 71 72 -79 -81 -83 -84 -88 -91 -92
m54 :  0 1 2 3 89 84 76 7 94 9 10 35 12 13 14 15 17 33 19 21 63 54 42 78 28 38 83 32 80 53 36 37 75 39 4 52 44 45 81 72 49 50 93 24 56 58 59 60 31 87 65 66 67 68 61 74 88 73 57 79 64 71 51 23 46 5 6 8 11 16 18 20 22 25 26 27 29 30 34 40 41 43 47 48 55 62 -69 -70 -77 -82 -85 -86 -90 -91 -92
m55 :  48 1 2 3 6 5 7 9 75 11 13 44 66 16 21 18 49 20 28 22 78 25 86 8 89 70 31 32 59 43 15 69 57 61 79 90 29 83 34 46 82 50 53 55 67 64 93 4 92 63 65 51 68 10 71 60 42 72 76 77 33 81 38 24 87 14 0 12 17 19 23 26 27 30 35 36 37 39 40 41 45 47 52 54 56 58 62 73 74 80 84 85 88 -91 -94
m56 :  90 1 81 3 42 5 88 82 8 9 28 0 12 13 36 15 31 34 18 19 20 51 22 52 48 86 56 27 61 29 30 58 73 35 37 49 71 40 94 4 89 21 50 60 55 33 72 78 62 64 83 67 68 24 70 74 23 44 25 79 76 17 91 6 92 93 53 2 7 10 11 14 16 26 32 38 39 41 43 45 46 47 54 57 59 63 65 66 69 -75 -77 -80 -84 -85 -87
m57 :  2 1 79 70 17 5 58 7 8 31 10 93 12 52 14 68 88 18 59 20 21 22 38 62 25 73 85 30 32 61 34 43 53 37 63 26 42 44 45 47 50 29 23 55 56 40 94 86 64 65 24 16 66 72 74 77 67 80 28 11 78 60 90 91 82 0 3 4 6 9 13 15 19 27 -33 -35 -36 -39 -41 -46 -48 -49 -51 -54 -57 -69 -71 -75 -76 -81 -83 -84 -87 -89 -92
m58 :  0 75 45 49 4 5 6 7 37 9 80 24 23 33 14 15 16 17 62 68 53 22 69 74 26 89 44 21 32 35 86 38 39 29 56 65 46 47 50 52 2 78 55 64 63 66 67 87 90 71 73 77 1 79 94 82 13 48 36 76 41 3 8 10 11 12 18 19 20 25 27 28 30 31 34 40 42 43 51 54 57 58 59 60 61 70 72 81 83 84 -85 -88 -91 -92 -93
m59 :  57 74 2 42 4 66 59 7 21 9 10 88 87 14 15 16 17 75 32 61 0 22 23 3 78 31 86 28 19 5 33 35 89 37 43 20 72 68 45 55 93 50 51 52 53 54 58 60 62 63 49 13 73 84 26 70 56 81 82 77 90 1 8 94 6 11 12 18 24 25 27 29 30 34 36 38 -39 -40 -41 -44 -46 -47 -48 -64 -65 -67 -69 -71 -76 -79 -80 -83 -85 -91 -92
m60 :  32 1 2 3 4 5 6 7 8 9 72 11 12 91 47 15 65 10 18 30 20 21 22 82 64 25 43 75 28 29 31 45 50 16 79 67 53 66 87 46 70 86 90 51 78 41 26 89 59 62 38 83 68 54 37 77 34 94 61 84 57 24 92 48 0 13 14 17 19 23 27 33 35 36 39 40 42 44 49 52 55 56 58 60 63 69 71 73 74 -76 -80 -81 -85 -88 -93
m61 :  88 5 21 3 4 66 6 89 8 51 0 73 12 74 22 15 79 17 55 19 20 71 30 24 25 33 27 60 31 32 72 35 36 68 38 67 40 41 42 44 61 34 80 48 49 77 52 83 56 1 18 43 62 64 54 11 93 92 70 76 46 29 53 85 14 90 81 2 7 9 10 13 16 23 26 28 37 39 45 47 50 57 58 -59 -63 -65 -69 -75 -78 -82 -84 -86 -87 -91 -94
m62 :  41 1 67 43 30 5 6 27 55 10 11 23 37 14 31 16 56 18 19 85 21 22 24 58 26 28 13 90 32 34 82 69 38 59 40 42 44 45 94 35 78 50 93 53 62 57 36 17 63 65 49 88 7 74 86 73 77 12 79 91 39 76 87 89 52 0 2 3 4 8 9 15 20 25 29 33 46 47 48 51 54 60 61 64 66 68 70 71 -72 -75 -80 -81 -83 -84 -92
m63 :  7 68 50 66 4 6 74 8 9 67 11 64 14 94 24 88 53 15 21 80 23 38 25 78 71 82 29 75 85 32 33 31 35 36 45 39 40 41 37 44 46 47 19 65 52 73 55 56 57 3 1 60 49 62 63 54 90 5 48 89 81 77 86 87 12 27 17 0 2 10 13 16 18 20 22 26 28 30 34 42 43 51 58 59 61 69 70 72 76 79 83 -84 -91 -92 -93
m64 :  17 1 2 3 15 60 26 74 78 9 45 28 12 13 14 81 93 19 20 88 22 67 24 64 94 10 18 31 32 33 35 36 37 39 40 57 42 77 72 71 47 48 50 51 53 34 58 59 61 62 63 86 66 79 69 87 73 75 16 84 0 52 89 4 5 6 7 8 11 21 23 25 27 29 30 -38 -41 -43 -44 -46 -49 -54 -55 -56 -65 -68 -70 -76 -80 -82 -83 -85 -90 -91 -92
m65 :  22 1 2 48 4 61 6 7 59 41 11 12 34 25 28 79 18 23 20 21 78 46 30 51 26 27 29 31 85 87 35 69 37 40 64 43 93 38 24 53 50 3 16 32 73 8 60 83 92 9 91 65 66 72 68 70 54 67 74 75 89 56 15 86 88 55 0 5 10 13 14 17 19 33 36 39 42 44 45 47 49 52 57 58 62 -63 -71 -76 -77 -80 -81 -82 -84 -90 -94
m66 :  0 1 53 3 72 42 68 47 9 6 11 12 58 15 16 89 18 56 20 85 22 35 24 64 66 27 87 76 19 31 88 33 55 37 38 52 40 26 44 61 46 48 49 51 60 54 10 62 73 65 29 90 71 83 84 93 79 81 86 2 34 92 4 5 7 8 13 14 -17 -21 -23 -25 -28 -30 -32 -36 -39 -41 -43 -45 -50 -57 -59 -63 -67 -69 -70 -74 -75 -77 -78 -80 -82 -91 -94
m67 :  16 1 2 24 74 5 7 58 27 10 11 12 83 73 43 50 18 21 59 22 23 56 26 42 49 93 82 87 32 40 34 38 33 66 17 28 44 78 48 25 77 13 88 53 69 55 57 60 63 61 64 65 85 67 52 30 94 79 92 86 89 20 14 0 3 4 6 8 9 15 19 29 31 35 36 37 39 41 45 46 -47 -51 -54 -62 -68 -70 -71 -72 -75 -76 -80 -81 -84 -90 -91
m68 :  4 1 0 40 38 82 6 7 8 9 61 45 90 84 14 15 16 47 18 68 20 21 22 23 24 33 72 36 29 62 87 32 65 35 39 49 19 42 37 75 46 89 41 52 5 12 17 77 60 26 74 63 64 66 67 69 25 92 73 11 78 10 50 86 81 94 2 3 13 27 28 30 31 34 43 44 48 51 53 54 55 56 57 58 59 70 71 76 79 80 83 85 -88 -91 -93
m69 :  15 13 2 78 72 60 10 57 6 9 88 37 14 16 17 87 19 3 56 82 0 31 93 28 27 18 12 32 33 71 66 36 38 39 26 64 45 61 62 77 49 50 51 58 53 54 52 59 63 4 7 94 85 40 89 90 74 75 34 79 84 35 86 68 80 81 1 -5 -8 -11 -20 -21 -22 -23 -24 -25 -29 -30 -41 -42 -43 -44 -46 -47 -48 -55 -65 -67 -69 -70 -73 -76 -83 -91 -92
m70 :  15 1 2 3 9 38 6 31 78 5 11 70 42 94 34 93 18 52 20 21 22 23 75 88 7 28 29 30 33 48 83 37 45 41 43 53 12 50 54 16 82 55 14 65 57 59 60 4 25 64 89 66 68 69 32 71 8 27 74 47 79 81 85 86 92 0 10 13 17 19 24 26 35 36 -39 -40 -44 -46 -49 -51 -56 -58 -61 -62 -63 -67 -72 -73 -76 -77 -80 -84 -87 -90 -91
m71 :  46 1 37 3 4 44 19 36 20 2 87 9 12 59 38 15 86 17 52 62 21 22 33 92 14 27 40 30 71 90 83 35 49 73 76 51 23 42 57 8 47 48 24 77 72 55 64 56 88 29 80 79 53 89 65 68 85 70 93 91 82 81 0 11 69 58 28 5 6 7 10 13 16 18 25 26 31 32 34 39 41 43 45 50 54 60 61 63 66 67 74 75 78 84 -94
m72 :  43 1 12 5 10 11 52 88 31 17 23 59 14 77 16 18 85 20 21 22 24 25 55 44 62 6 92 34 37 30 36 38 93 26 67 79 53 45 61 80 8 49 60 58 91 56 86 63 64 65 7 35 69 78 73 74 32 76 81 82 90 47 50 87 4 94 0 2 3 9 13 15 -19 -27 -28 -29 -33 -39 -40 -41 -42 -46 -48 -51 -54 -57 -66 -68 -70 -71 -72 -75 -83 -84 -89
m73 :  44 47 85 3 4 8 6 7 9 10 71 74 67 14 15 16 17 75 46 20 21 23 24 61 26 33 69 30 31 32 35 36 89 38 39 41 86 82 45 48 50 52 87 68 55 56 80 73 77 62 65 66 92 88 40 78 1 90 94 93 0 2 5 11 12 13 18 19 -22 -25 -27 -28 -29 -34 -37 -42 -43 -49 -51 -53 -54 -57 -58 -59 -60 -63 -64 -70 -72 -76 -79 -81 -83 -84 -91
m74 :  89 1 2 3 4 5 20 7 22 9 10 11 87 13 14 15 16 17 69 19 54 33 58 66 26 27 28 29 84 31 32 85 62 75 45 63 42 37 44 12 71 88 50 78 72 52 56 57 60 46 0 79 36 21 74 39 94 93 6 77 80 81 82 70 8 18 23 24 25 30 34 35 38 40 41 43 47 48 49 -51 -53 -55 -59 -61 -64 -65 -67 -68 -73 -76 -83 -86 -90 -91 -92
m75 :  77 1 2 3 4 68 6 15 79 11 10 71 69 46 82 72 18 45 20 21 22 64 9 25 34 28 75 86 31 51 33 48 78 60 38 40 41 83 66 12 35 89 50 5 27 54 73 57 93 59 7 90 37 17 65 29 70 74 26 84 42 23 92 91 43 0 8 13 14 16 19 24 30 32 36 39 44 47 49 52 53 55 56 58 61 62 -63 -67 -76 -80 -81 -85 -87 -88 -94
m76 :  0 83 93 3 29 15 18 22 37 9 28 54 12 19 14 35 42 46 5 20 71 48 90 31 36 27 38 89 34 51 62 40 17 21 44 82 58 1 49 24 52 79 55 56 43 73 16 60 88 65 76 68 69 70 74 32 25 33 81 72 86 77 2 4 6 7 8 -10 -11 -13 -23 -26 -30 -39 -41 -45 -47 -50 -53 -57 -59 -61 -63 -64 -66 -67 -75 -78 -80 -84 -85 -87 -91 -92 -94
m77 :  0 1 61 40 41 5 35 7 8 86 10 88 12 16 44 60 17 18 19 65 21 22 50 26 20 77 49 31 47 34 32 73 38 78 64 42 43 45 93 48 94 55 53 80 56 14 58 59 76 25 63 62 52 92 69 36 90 74 79 30 82 89 81 85 87 2 3 4 6 9 11 13 15 23 24 27 28 29 33 37 39 46 51 54 57 66 67 68 70 71 -72 -75 -83 -84 -91
m78 :  23 1 2 49 73 74 44 7 62 9 81 53 10 87 15 16 17 29 19 65 47 50 89 24 52 82 68 80 21 94 67 32 33 35 86 37 38 46 40 6 77 43 14 45 75 78 69 55 4 93 12 36 61 63 25 90 13 56 66 39 85 88 11 72 5 0 3 8 18 20 22 26 27 28 30 31 34 41 42 48 51 54 57 58 59 60 64 70 71 76 79 -83 -84 -91 -92
m79 :  0 1 2 26 4 77 86 19 92 9 10 75 13 14 15 16 17 68 31 93 80 50 60 28 6 24 33 81 54 84 74 57 63 71 73 87 82 45 46 47 36 49 51 52 58 64 56 78 62 32 12 66 37 61 34 7 72 3 88 53 65 94 35 89 90 5 39 8 11 18 20 21 22 -23 -25 -27 -29 -30 -38 -40 -41 -42 -43 -44 -48 -55 -59 -67 -69 -70 -76 -79 -83 -85 -91
m80 :  93 1 2 31 42 20 6 7 8 9 10 11 12 23 21 15 16 71 22 40 81 38 70 27 28 32 61 68 26 83 5 73 89 92 29 43 37 45 46 82 48 50 59 79 54 41 57 51 60 64 34 66 25 72 90 75 65 77 87 85 86 88 0 3 4 13 14 17 18 19 24 30 33 35 36 39 44 47 49 52 53 55 56 58 62 63 67 69 74 76 78 80 84 -91 -94
m81 :  0 51 2 3 11 5 86 35 53 1 33 32 12 4 58 15 80 17 93 79 20 40 29 25 48 70 22 27 81 90 31 44 55 36 52 19 43 62 56 42 54 71 46 21 49 18 89 68 60 6 34 65 67 83 69 72 73 76 77 26 23 92 85 88 7 8 9 10 13 14 16 24 28 30 37 38 39 41 45 47 50 57 59 61 63 64 66 74 75 78 82 84 87 -91 -94
m82 :  0 1 26 14 11 55 18 7 8 37 10 69 12 6 94 16 17 77 20 21 22 23 24 59 64 57 76 63 32 28 34 35 87 38 89 40 92 74 44 67 68 93 5 49 50 61 52 53 56 58 65 73 83 66 42 88 45 79 82 86 90 91 2 3 4 9 13 15 19 25 27 29 30 31 33 36 39 41 43 46 47 48 51 54 60 62 70 71 72 75 78 -80 -81 -84 -85
m83 :  0 1 85 48 4 62 6 75 8 45 10 52 67 13 14 89 16 17 18 20 44 66 23 24 46 9 27 78 80 31 74 35 47 36 37 38 33 15 60 53 94 49 50 86 56 19 82 68 61 63 64 7 69 58 65 73 26 79 25 11 39 87 90 88 59 71 32 2 3 5 12 21 22 28 29 30 34 40 41 42 43 51 54 55 57 70 72 76 77 81 83 84 91 92 93
m84 :  78 46 2 42 4 33 3 7 21 9 10 45 12 14 15 25 17 37 62 16 68 1 24 66 26 48 49 6 31 32 81 36 38 39 88 60 34 58 44 13 0 50 51 52 74 87 56 57 54 53 63 64 27 70 71 72 93 84 79 82 86 89 90 35 28 75 94 5 8 11 18 -19 -20 -22 -23 -29 -30 -40 -41 -43 -47 -55 -59 -61 -65 -67 -69 -73 -76 -77 -80 -83 -85 -91 -92
m85 :  45 83 2 3 4 46 6 48 82 9 10 11 31 1 28 15 16 74 43 20 21 22 23 60 26 29 79 32 57 34 35 85 30 38 86 41 42 44 47 50 53 54 59 93 89 64 18 62 81 65 66 92 70 87 76 75 78 88 19 84 7 37 5 0 8 12 13 14 17 24 25 27 33 36 39 40 49 51 52 55 56 58 -61 -63 -67 -68 -69 -71 -72 -73 -77 -80 -90 -91 -94
m86 :  15 1 2 3 54 5 36 12 8 64 29 31 80 22 52 17 18 19 20 38 62 23 24 51 4 27 56 92 33 72 35 77 6 40 41 42 43 46 48 49 93 76 73 79 53 58 16 60 69 55 86 26 70 71 45 34 83 28 85 44 89 90 65 0 7 9 10 11 13 14 21 25 30 32 37 39 47 50 57 59 61 63 66 67 68 74 75 78 81 82 84 -87 -88 -91 -94
m87 :  74 1 81 22 88 5 72 7 38 75 10 48 21 17 91 40 16 18 19 20 50 67 26 47 68 85 31 32 11 34 59 37 39 94 27 43 44 78 35 30 57 8 52 53 87 55 56 58 60 61 77 63 65 0 80 23 49 73 82 4 86 64 79 89 93 2 3 6 9 12 13 14 15 24 25 28 29 33 36 41 42 45 46 51 54 -62 -66 -69 -70 -71 -76 -83 -84 -90 -92
m88 :  0 46 2 3 4 49 23 7 1 9 17 69 12 13 14 15 62 85 67 41 39 24 25 68 55 47 89 90 32 33 20 35 45 37 38 22 8 73 52 36 94 65 53 81 5 87 74 44 93 61 63 80 66 78 48 75 6 56 82 76 31 29 86 19 57 10 11 16 18 21 26 27 28 30 34 40 42 43 50 51 54 58 59 60 -64 -70 -71 -72 -77 -79 -83 -84 -88 -91 -92
m89 :  0 1 2 72 4 5 76 7 6 9 10 24 12 13 14 15 16 17 48 19 54 71 89 60 82 75 26 28 20 78 31 32 33 34 35 36 39 52 25 42 61 63 45 3 84 50 51 58 53 27 87 88 62 66 69 94 73 57 77 93 64 43 8 11 18 21 22 23 29 30 37 38 40 41 44 46 -47 -49 -55 -56 -59 -65 -67 -68 -70 -74 -79 -80 -81 -83 -85 -86 -90 -91 -92
m90 :  6 1 2 28 4 26 7 8 9 10 11 15 5 53 86 18 68 20 21 16 31 60 48 46 88 34 42 90 74 37 83 12 40 43 22 51 32 50 59 66 14 57 70 65 63 49 64 79 67 61 35 71 89 75 52 47 78 27 87 82 85 92 93 0 3 13 17 19 23 24 25 29 30 33 36 38 39 41 44 45 54 -55 -56 -58 -62 -69 -72 -73 -76 -77 -80 -81 -84 -91 -94
m91 :  76 1 86 3 19 5 70 38 72 24 12 45 18 15 52 27 20 37 22 8 40 55 32 60 29 89 31 33 34 35 36 49 85 44 51 48 43 42 46 50 71 56 59 58 83 62 6 66 90 68 69 79 73 54 10 77 91 80 81 93 25 0 2 4 7 9 11 13 14 16 17 21 23 26 28 30 39 41 47 53 57 61 63 -64 -65 -67 -74 -75 -78 -82 -84 -87 -88 -92 -94
m92 :  84 1 93 15 4 5 80 7 9 10 20 12 50 14 72 16 17 18 49 88 22 94 67 26 21 61 69 47 89 32 60 34 74 52 90 40 63 25 85 44 45 31 65 81 55 56 58 59 36 64 76 73 43 78 86 11 82 91 53 92 48 0 2 3 6 8 13 19 23 24 27 28 29 30 33 35 37 38 39 41 42 46 51 54 -57 -62 -66 -68 -70 -71 -75 -77 -79 -83 -87
m93 :  0 1 71 35 4 5 6 90 8 9 36 78 33 13 47 15 16 62 93 17 20 21 29 23 24 25 86 88 76 32 48 3 37 39 22 42 46 45 61 50 43 52 74 26 89 56 63 80 14 41 68 67 82 69 66 75 77 65 31 7 38 73 87 94 92 85 2 10 11 12 18 19 27 28 30 34 40 44 49 51 53 54 55 57 58 59 60 64 70 72 79 81 83 84 91
m94 :  0 36 2 3 4 5 93 7 16 9 10 78 12 72 14 15 81 17 32 19 20 53 40 24 26 51 28 48 87 57 88 65 74 39 84 68 42 34 49 45 89 13 50 52 54 94 56 58 59 60 25 62 63 64 33 66 71 73 22 37 86 82 23 35 1 6 8 11 18 21 27 29 30 31 38 41 43 44 46 47 55 61 67 69 70 75 76 77 79 80 83 85 90 91 -92
m95 :  23 83 2 3 4 5 6 7 57 9 10 11 12 15 16 90 18 60 20 21 22 87 38 28 68 30 31 32 46 34 29 50 70 63 66 88 42 43 79 53 48 64 65 52 45 27 81 59 92 62 67 37 71 24 1 19 78 73 85 86 89 54 0 8 13 14 17 25 26 33 35 36 39 40 41 44 47 49 -51 -55 -56 -58 -61 -69 -72 -74 -75 -76 -77 -80 -82 -84 -91 -93 -94
m96 :  55 89 2 3 0 5 6 48 9 25 64 12 23 56 15 16 36 31 19 20 73 22 71 24 80 42 27 17 29 32 33 35 49 37 90 40 50 43 44 52 46 47 34 51 70 60 76 62 81 68 93 86 83 94 77 79 82 26 85 58 88 92 66 1 4 7 8 10 11 13 14 18 21 28 30 38 39 41 45 53 54 57 59 61 63 65 -67 -69 -72 -74 -75 -78 -84 -87 -91
m97 :  86 1 16 83 69 55 85 22 49 48 10 7 59 34 14 51 5 17 18 20 21 23 50 66 26 81 19 30 88 63 33 35 77 93 38 39 28 42 57 44 92 89 47 82 52 53 72 32 58 65 61 62 64 67 73 78 80 91 74 84 25 79 94 0 2 3 4 6 8 9 11 12 13 15 24 27 29 31 36 37 40 41 43 45 46 54 56 60 68 70 -71 -75 -76 -87 -90
m98 :  0 1 48 19 4 90 52 7 8 36 66 17 9 75 14 16 82 93 35 6 85 23 24 25 45 29 87 78 26 32 33 3 69 38 39 89 44 47 49 46 62 84 80 86 21 60 31 65 63 5 67 68 37 72 71 64 73 74 61 50 94 83 56 13 2 10 11 12 15 18 20 22 27 28 30 34 -40 -41 -42 -43 -51 -53 -54 -55 -57 -58 -59 -70 -76 -77 -79 -81 -88 -91 -92
m99 :  0 7 2 3 4 24 87 76 9 10 11 17 13 15 16 73 19 88 21 69 23 50 63 26 86 28 84 53 32 33 89 36 72 37 93 39 62 78 83 45 80 31 49 51 52 54 56 57 47 58 60 42 20 66 55 71 74 75 27 81 82 12 91 77 14 1 5 6 8 18 22 25 29 30 -34 -35 -38 -40 -41 -43 -44 -46 -48 -59 -61 -64 -65 -67 -68 -70 -79 -85 -90 -92 -94
w0 :  70 1 2 99 4 5 25 14 8 9 10 41 12 66 21 24 27 28 84 19 53 40 96 26 44 50 32 33 13 35 36 64 98 73 31 79 48 6 49 39 72 11 55 57 92 52 89 47 62 18 3 34 69 71 63 74 22 65 37 80 60 86 46 45 43 93 15 95 75 0 7 16 17 20 23 29 30 38 42 51 54 56 58 59 61 67 68 76 77 78 81 -82 -83 -85 -87 -88 -90 -91 -94 -97
w1 :  98 22 2 88 15 29 18 7 41 62 10 25 99 76 14 78 81 37 20 68 53 64 77 79 35 27 28 61 31 66 43 34 44 8 85 6 42 4 45 46 48 92 95 55 94 72 52 50 9 21 1 73 56 70 97 40 33 74 87 24 39 51 82 23 84 90 91 96 3 0 5 11 12 13 16 17 19 26 30 32 36 38 47 -49 -54 -57 -58 -59 -60 -63 -65 -67 -69 -71 -75 -80 -83 -86 -89 -93
w2 :  0 1 39 3 60 5 78 42 8 41 12 99 88 14 15 95 17 85 90 21 77 23 59 49 97 70 62 30 31 32 75 22 79 89 36 19 52 51 61 2 13 47 43 65 74 83 54 71 64 58 98 10 73 82 29 68 72 26 94 6 86 24 28 81 96 4 7 9 11 16 18 20 25 27 33 34 35 37 38 40 44 45 46 -48 -50 -53 -55 -56 -57 -63 -66 -67 -69 -76 -80 -84 -87 -91 -92 -93
w3 :  0 1 12 3 76 5 6 99 17 2 11 8 14 26 59 19 46 21 22 31 50 25 27 96 65 32 49 82 37 83 39 75 77 42 98 68 45 86 48 63 51 72 93 55 56 92 58 78 61 62 36 66 69 70 95 73 9 52 90 91 74 84 85 81 89 94 4 7 10 13 15 16 18 20 23 -24 -28 -29 -30 -33 -34 -35 -38 -40 -41 -43 -44 -47 -53 -54 -57 -60 -64 -67 -71 -79 -80 -87 -88 -97
w4 :  0 18 5 80 4 68 95 48 45 87 47 31 14 15 77 10 49 71 42 21 25 41 24 81 26 59 35 29 30 22 84 23 76 61 70 27 40 43 44 13 3 52 53 63 55 57 58 2 69 64 66 6 9 37 78 56 20 83 12 88 7 51 85 96 72 75 1 8 11 16 17 19 28 32 33 34 36 38 39 46 50 54 60 62 65 67 73 74 79 -82 -86 -89 -90 -91 -92 -93 -94 -97 -98 -99
w5 :  84 99 69 3 4 63 73 60 8 9 68 30 95 93 32 15 16 17 19 20 21 11 23 22 25 64 48 66 74 31 79 33 34 36 37 51 86 40 10 91 56 54 87 70 77 67 52 53 62 76 58 59 61 65 96 44 89 12 41 78 14 83 75 5 1 43 72 94 26 55 0 2 6 7 -13 -18 -24 -27 -28 -29 -35 -38 -39 -42 -45 -46 -47 -49 -50 -57 -71 -80 -81 -82 -85 -88 -90 -92 -97 -98
w6 :  0 69 92 54 26 5 6 7 47 10 11 12 13 84 21 16 43 18 19 87 22 24 25 78 99 45 74 30 31 81 33 34 35 95 85 38 27 40 44 42 46 58 50 51 52 53 56 75 37 59 93 62 4 65 66 1 73 88 70 77 80 91 82 60 86 89 90 2 3 8 9 14 15 17 20 23 28 29 32 36 39 41 48 49 55 57 61 63 64 67 68 -71 -72 -76 -79 -83 -94 -96 -97 -98
w7 :  80 48 19 5 4 87 53 30 8 9 22 44 12 27 97 61 72 45 39 74 67 68 24 25 79 28 29 49 93 77 40 36 73 16 26 42 60 1 46 99 52 94 21 56 11 59 37 63 2 34 17 14 76 70 78 54 90 83 7 85 86 92 96 91 13 65 0 3 6 10 15 18 20 23 31 32 33 35 38 41 43 47 50 51 55 57 58 62 64 66 69 71 75 81 82 84 88 89 95 98
w8 :  32 77 91 3 4 5 86 7 51 9 18 17 61 13 62 87 70 20 15 23 24 25 68 27 28 29 71 30 95 33 2 35 50 53 38 89 40 58 42 43 19 73 47 48 65 52 56 16 75 59 64 57 45 76 69 90 14 79 80 54 26 31 94 72 92 10 44 0 1 6 8 11 12 21 22 34 36 37 39 41 46 49 55 60 -63 -66 -67 -74 -78 -81 -82 -83 -84 -85 -88 -93 -96 -97 -98 -99
w9 :  99 1 4 59 90 84 77 82 9 10 2 56 38 74 61 98 17 18 31 51 29 21 23 25 92 3 27 88 30 36 70 41 57 35 75 66 33 42 44 47 49 28 53 50 52 86 73 19 58 15 62 83 71 43 16 72 96 91 81 95 85 76 93 94 22 0 5 6 7 8 11 12 13 14 20 24 26 32 34 37 39 40 45 46 48 54 55 60 63 64 65 -67 -68 -69 -78 -79 -80 -87 -89 -97
w10 :  16 1 2 3 4 5 10 75 8 58 18 12 36 14 82 15 52 19 9 21 22 26 24 25 27 28 30 66 33 32 35 98 38 40 85 43 90 45 69 48 64 54 63 0 55 57 39 74 93 62 70 71 80 47 7 79 73 59 34 56 46 86 92 72 49 91 41 95 99 6 -11 -13 -17 -20 -23 -29 -31 -37 -42 -44 -50 -51 -53 -60 -61 -65 -67 -68 -76 -77 -78 -81 -83 -84 -87 -88 -89 -94 -96 -97
w11 :  0 89 2 66 4 41 6 7 23 93 10 58 80 51 14 15 33 42 48 95 20 21 81 24 31 26 27 29 82 36 35 37 68 77 40 52 76 44 45 97 90 71 8 88 53 86 74 56 98 43 28 62 63 64 19 49 70 22 18 79 3 83 55 94 91 92 96 87 1 5 9 11 12 13 16 17 25 30 32 34 38 39 46 47 50 54 57 59 60 61 65 67 69 72 73 -75 -78 -84 -85 -99
w12 :  0 1 59 56 5 6 7 99 68 27 11 12 13 90 15 16 62 18 21 23 85 22 89 25 78 2 65 95 30 31 32 35 49 70 36 60 39 19 42 44 61 47 73 51 88 54 43 79 80 58 94 77 66 64 41 67 46 3 74 97 81 17 83 24 86 57 52 8 98 4 9 10 14 20 26 28 29 33 34 37 38 40 45 48 50 53 55 63 69 71 72 75 76 82 84 87 91 92 93 -96
w13 :  0 1 3 66 72 5 6 14 8 39 83 30 90 16 26 47 73 17 57 19 25 21 49 23 48 27 18 86 31 99 33 77 88 22 37 52 91 82 78 45 79 98 94 2 12 24 13 56 58 84 61 62 80 68 70 69 60 46 76 32 87 89 55 93 95 71 7 4 9 10 11 15 20 28 29 34 35 36 38 40 41 42 43 44 50 51 -53 -54 -59 -63 -64 -65 -67 -74 -75 -81 -85 -92 -96 -97
w14 :  0 4 2 25 5 6 54 99 9 10 12 13 14 62 41 22 19 27 98 88 24 31 56 29 30 80 87 49 35 55 3 48 42 78 92 66 52 47 33 50 69 53 64 57 58 76 70 61 63 85 71 59 68 26 81 18 43 36 44 51 20 45 39 77 40 38 93 83 95 72 28 1 7 8 11 15 16 17 21 23 32 34 37 46 60 65 67 73 74 75 79 82 84 86 89 90 91 94 -96 -97
w15 :  79 1 26 86 4 75 84 31 8 54 10 11 88 13 14 51 16 17 19 64 21 22 23 97 5 30 74 32 56 34 35 36 37 6 99 15 42 33 57 62 47 72 39 27 53 63 55 58 59 40 70 65 2 83 69 71 46 87 78 89 68 94 95 25 0 3 7 9 12 18 20 24 28 29 -38 -41 -43 -44 -45 -48 -49 -50 -52 -60 -61 -66 -67 -73 -76 -77 -80 -81 -82 -85 -90 -91 -92 -93 -96 -98
w16 :  0 88 2 6 4 5 7 3 63 10 11 85 13 37 15 16 65 18 93 52 21 59 24 31 26 44 92 29 99 87 33 35 91 38 72 57 67 77 73 25 47 58 50 74 54 80 56 66 30 61 62 84 78 69 51 32 45 81 71 86 70 95 96 76 27 1 8 9 12 14 17 19 20 22 23 28 34 36 39 40 41 42 43 46 -48 -49 -53 -55 -60 -64 -68 -75 -79 -82 -83 -89 -90 -94 -97 -98
w17 :  18 94 74 56 39 5 22 99 38 9 87 92 83 19 14 96 51 17 47 27 29 52 24 25 26 28 61 16 11 66 58 4 37 13 41 76 44 45 97 78 49 33 23 89 55 73 80 65 59 85 86 21 98 72 95 1 68 10 79 70 62 40 48 43 20 88 90 3 93 8 30 0 2 6 7 12 15 31 32 34 35 36 42 46 50 53 54 -57 -60 -63 -64 -67 -69 -71 -75 -77 -81 -82 -84 -91
w18 :  64 38 61 3 81 77 28 7 8 59 10 12 13 14 6 29 17 18 54 43 84 23 24 25 26 44 98 4 75 33 34 35 39 87 48 89 40 41 42 27 66 47 63 73 90 52 80 53 57 58 65 67 68 69 71 62 5 79 20 78 9 91 46 94 55 82 0 1 2 11 15 16 19 21 22 30 31 32 36 37 45 49 50 51 56 60 70 72 74 76 83 85 86 -88 -92 -93 -95 -96 -97 -99
w19 :  81 98 85 3 44 64 43 23 38 9 10 24 26 73 25 94 16 17 27 19 39 29 22 28 30 90 33 52 35 36 68 40 41 42 13 46 92 47 70 50 51 7 54 97 45 57 58 59 61 62 71 37 75 1 69 72 31 88 74 77 82 83 86 0 67 95 49 2 4 5 6 8 11 12 14 15 18 20 21 32 34 48 53 55 56 60 63 65 66 76 78 79 80 84 -87 -89 -91 -93 -96 -99
w20 :  25 32 2 86 4 5 56 7 8 9 10 0 12 71 14 72 66 79 54 48 51 21 27 45 35 93 60 33 82 36 84 38 39 64 3 90 43 28 75 49 1 22 11 18 55 57 31 69 61 40 62 92 70 80 73 24 15 30 19 91 58 98 23 47 76 77 95 26 6 13 16 17 20 29 34 37 41 42 44 46 50 52 53 59 63 65 67 68 -74 -78 -81 -83 -85 -87 -88 -89 -94 -96 -97 -99
w21 :  0 3 24 4 74 36 7 18 35 82 73 21 63 14 15 52 20 79 23 81 26 28 29 89 80 37 55 2 48 39 40 76 42 43 44 45 38 68 12 97 51 53 10 94 1 33 62 41 64 90 72 22 19 56 96 83 98 34 77 91 58 85 27 87 88 66 95 99 5 6 8 9 11 13 16 17 25 30 31 32 46 47 49 50 54 57 59 60 61 65 67 69 70 71 75 78 84 -86 -92 -93
w22 :  0 1 78 3 19 5 85 7 8 36 73 11 12 13 14 97 16 17 18 61 31 77 22 23 41 25 68 27 6 50 47 89 9 2 72 38 39 40 42 43 44 99 58 51 52 70 54 28 79 90 32 60 62 94 65 57 81 84 98 74 24 21 82 83 88 95 59 29 4 10 15 20 26 30 33 34 35 37 45 46 48 49 53 55 -56 -63 -64 -66 -67 -69 -71 -75 -76 -80 -86 -87 -91 -92 -93 -96
w23 :  0 1 2 3 20 5 6 8 89 9 11 12 13 7 91 90 66 58 19 60 21 14 95 26 27 92 78 79 31 25 33 15 82 52 37 39 56 41 70 16 45 46 65 49 48 17 55 72 57 98 77 68 69 62 83 32 67 86 85 22 18 84 43 51 93 73 74 99 4 10 23 24 28 29 30 34 35 36 38 40 42 44 47 -50 -53 -54 -59 -61 -63 -64 -71 -75 -76 -80 -81 -87 -88 -94 -96 -97
w24 :  0 20 27 45 4 35 39 47 58 9 10 69 49 6 14 42 3 66 12 63 71 22 48 72 80 13 29 30 31 57 84 50 76 81 61 52 40 41 43 93 46 17 75 53 11 55 44 59 24 23 85 54 21 70 79 25 95 78 86 51 56 98 87 68 96 19 74 1 2 5 7 8 15 16 18 26 28 32 33 34 36 -37 -38 -60 -62 -64 -65 -67 -73 -77 -82 -83 -88 -89 -90 -91 -92 -94 -97 -99
w25 :  22 3 91 17 64 5 96 63 8 40 10 11 95 13 14 30 16 32 42 52 21 65 70 60 25 68 24 83 58 31 99 34 59 74 37 2 92 1 44 80 26 18 71 51 77 53 15 55 56 79 61 4 19 89 69 87 35 72 86 93 73 62 43 84 33 85 78 36 94 97 0 6 7 9 12 20 -23 -27 -28 -29 -38 -39 -41 -45 -46 -47 -48 -49 -50 -54 -57 -66 -67 -75 -76 -81 -82 -88 -90 -98
w26 :  59 4 2 3 8 64 6 0 29 10 11 12 13 66 92 82 18 31 78 21 86 79 24 62 65 27 60 30 37 80 35 36 38 72 99 81 42 44 93 46 50 56 58 51 52 53 54 49 17 47 84 73 26 91 94 69 25 88 74 28 40 87 95 7 1 96 5 9 14 15 16 19 20 22 23 32 33 34 39 41 43 -45 -48 -55 -57 -61 -63 -67 -68 -70 -71 -75 -76 -77 -83 -85 -89 -90 -97 -98
w27 :  24 68 23 3 4 30 70 37 55 9 10 11 46 13 1 12 16 17 87 19 79 97 22 73 90 25 26 27 28 29 85 72 36 38 34 76 42 56 92 8 52 48 49 66 39 91 58 59 61 60 63 18 40 47 14 86 99 74 88 78 80 93 82 67 54 89 94 41 44 0 2 5 -6 -7 -15 -20 -21 -31 -32 -33 -35 -43 -45 -50 -51 -53 -57 -62 -64 -65 -69 -71 -75 -77 -81 -83 -84 -95 -96 -98
w28 :  98 1 42 3 51 5 41 7 8 9 10 59 12 13 14 23 16 65 18 19 20 21 88 24 61 26 40 28 29 54 32 33 34 35 71 38 6 80 91 94 49 47 43 27 50 52 79 11 58 17 57 73 89 76 77 48 72 84 75 78 2 82 81 93 36 85 62 95 63 69 0 4 15 22 25 30 31 37 -39 -44 -45 -46 -53 -55 -56 -60 -64 -66 -67 -68 -70 -74 -83 -86 -87 -90 -92 -96 -97 -99
w29 :  26 4 29 93 55 58 35 31 9 25 72 94 99 53 30 21 82 18 19 20 22 62 81 27 28 39 33 15 13 69 38 54 41 42 98 44 10 47 49 52 51 45 75 95 73 40 61 63 80 92 59 16 70 90 88 50 7 77 46 85 83 57 86 17 23 96 8 0 1 2 3 5 6 11 12 14 24 32 34 36 37 43 48 56 60 64 65 66 67 68 71 74 -76 -78 -79 -84 -87 -89 -91 -97
w30 :  78 33 98 64 69 5 97 7 62 92 10 93 12 57 14 60 16 29 55 19 56 21 22 70 66 25 26 40 82 6 24 32 27 38 36 2 79 4 76 95 43 90 48 49 71 68 59 28 8 58 35 61 45 74 75 11 9 80 41 96 84 72 86 42 73 99 0 1 3 13 15 17 18 20 23 30 31 34 -37 -39 -44 -46 -47 -50 -51 -52 -53 -54 -63 -65 -67 -77 -81 -83 -85 -87 -88 -89 -91 -94
w31 :  3 46 2 26 4 68 27 7 8 34 48 19 25 14 53 30 72 62 21 20 22 23 24 38 96 29 1 66 33 35 45 85 40 41 64 43 83 31 56 95 51 52 55 93 58 0 97 92 99 70 15 74 76 77 87 79 94 81 82 28 42 98 88 18 90 91 6 39 5 9 10 11 12 13 16 17 -32 -36 -37 -44 -47 -49 -50 -54 -57 -59 -60 -61 -63 -65 -67 -69 -71 -73 -75 -78 -80 -84 -86 -89
w32 :  0 1 2 72 82 5 54 7 8 89 10 51 12 13 14 15 40 17 18 29 21 22 70 19 25 91 59 32 99 30 49 52 3 75 98 4 41 39 60 95 47 74 77 61 73 43 23 16 28 58 78 36 57 79 69 62 88 97 20 42 31 11 83 85 44 90 68 46 94 65 6 9 24 -26 -27 -33 -34 -35 -37 -38 -45 -48 -50 -53 -55 -56 -63 -64 -66 -67 -71 -76 -80 -81 -84 -86 -87 -92 -93 -96
w33 :  0 68 26 3 35 5 6 7 51 52 4 19 12 66 14 29 16 17 46 83 21 60 28 24 25 37 27 88 54 30 31 89 33 48 72 32 65 39 36 86 41 43 76 45 62 67 49 50 69 22 2 99 98 57 1 9 73 47 61 90 84 77 82 95 85 91 42 94 93 80 8 10 11 13 15 18 -20 -23 -34 -38 -40 -44 -53 -55 -56 -58 -59 -63 -64 -70 -71 -74 -75 -78 -79 -81 -87 -92 -96 -97
w34 :  0 95 57 4 5 53 25 58 80 10 17 12 84 14 39 1 56 72 41 21 22 77 24 47 66 82 29 30 31 7 76 40 35 36 45 33 59 55 98 43 13 70 49 50 19 52 94 28 62 63 81 90 78 68 69 71 54 15 88 2 26 75 87 6 44 92 96 46 3 8 9 11 16 18 20 23 27 32 -34 -37 -38 -42 -48 -51 -60 -61 -64 -65 -67 -73 -74 -79 -83 -85 -86 -89 -91 -93 -97 -99
w35 :  71 8 74 3 82 77 19 60 27 97 11 98 62 14 15 65 17 57 36 41 21 75 55 26 96 48 56 70 31 83 30 34 35 37 59 40 63 53 54 89 29 10 20 49 23 51 33 87 25 78 1 5 61 90 64 93 6 68 79 7 99 84 69 58 73 46 32 95 42 0 2 4 9 12 13 16 18 22 24 28 38 39 43 44 45 47 50 52 66 67 72 76 80 81 85 -86 -88 -91 -92 -94
w36 :  0 28 29 3 87 40 6 7 35 88 10 11 12 13 22 93 16 33 26 19 21 81 24 25 85 59 30 31 76 18 39 62 54 38 89 74 14 66 94 99 65 46 47 90 50 51 52 53 56 42 98 69 60 9 44 58 72 73 78 91 82 83 96 67 27 97 92 70 20 1 -2 -4 -5 -8 -15 -17 -23 -32 -34 -36 -37 -41 -43 -45 -48 -49 -55 -57 -61 -63 -64 -68 -71 -75 -77 -79 -80 -84 -86 -95
w37 :  56 38 60 30 90 93 40 46 8 72 47 11 22 13 59 4 51 10 19 17 70 3 99 25 16 27 28 29 41 48 95 74 44 43 36 37 39 89 42 92 14 21 52 79 54 85 96 87 9 86 63 78 53 67 80 15 76 84 94 73 58 24 57 83 88 68 97 0 1 2 5 6 7 12 18 20 23 26 31 -32 -33 -34 -35 -45 -49 -50 -55 -61 -62 -64 -65 -66 -69 -71 -75 -77 -81 -82 -91 -98
w38 :  83 23 14 13 4 5 73 42 63 9 10 19 89 44 16 17 18 3 20 21 66 24 77 32 27 91 29 34 33 35 86 25 48 47 40 41 2 43 7 62 64 52 90 58 79 57 69 59 61 54 26 67 68 50 71 95 75 65 12 80 8 82 49 94 28 60 81 97 0 1 6 11 15 22 30 31 36 37 38 39 45 46 51 53 55 56 70 72 74 76 78 84 85 87 88 92 -93 -96 -98 -99
w39 :  31 4 25 3 16 21 62 5 94 10 92 56 13 32 1 81 22 18 19 70 28 23 24 33 27 29 30 74 35 36 79 38 90 41 42 54 44 0 99 9 49 50 51 52 77 75 47 59 68 88 63 64 34 86 17 98 73 95 82 58 85 53 96 93 61 65 2 6 7 8 11 12 14 15 20 26 37 39 40 43 45 46 48 55 57 60 66 67 69 71 72 76 78 80 83 84 87 -89 -91 -97
w40 :  46 1 2 28 4 14 36 8 9 10 37 12 13 78 86 92 52 19 77 21 40 55 22 27 57 38 33 97 35 66 39 43 44 75 47 64 70 95 69 89 41 56 98 58 68 73 63 62 50 5 79 72 30 74 76 49 80 94 61 84 45 60 25 91 48 96 0 3 6 7 11 15 16 17 18 20 23 24 26 29 31 32 34 42 51 53 54 59 65 67 71 81 82 83 -85 -87 -88 -90 -93 -99
w41 :  84 91 8 3 4 81 6 7 79 10 21 67 51 14 15 86 48 95 20 31 23 62 36 83 27 28 29 17 76 77 56 35 93 37 39 42 68 66 45 64 33 52 53 55 88 82 60 19 87 98 58 85 59 74 25 38 90 24 22 75 61 96 97 46 0 1 2 5 9 11 12 13 16 18 26 30 32 34 40 41 43 44 47 49 50 54 57 63 65 69 70 71 72 -73 -78 -80 -89 -92 -94 -99
w42 :  89 58 2 59 23 5 6 19 8 9 40 11 12 13 81 15 94 42 17 73 25 21 70 24 44 68 27 28 60 0 41 32 39 18 36 74 90 51 62 49 34 38 47 56 69 72 48 54 82 22 61 16 64 65 29 78 30 85 77 75 88 79 1 98 83 84 99 4 53 52 95 3 7 10 -14 -20 -26 -31 -33 -35 -37 -43 -45 -46 -50 -55 -57 -63 -66 -67 -71 -76 -80 -86 -87 -91 -92 -93 -96 -97
w43 :  0 1 2 3 25 6 19 76 42 86 11 27 49 14 44 82 95 67 43 21 62 73 24 26 77 71 30 31 98 33 87 7 17 37 9 39 74 60 45 47 48 5 8 52 80 78 55 84 57 32 66 61 83 93 79 72 99 51 89 68 46 70 94 90 92 41 96 54 4 10 12 13 15 16 18 20 22 23 28 29 34 35 36 38 40 50 53 56 58 59 63 64 65 69 75 81 -85 -88 -91 -97
w44 :  30 69 2 52 4 5 6 80 48 9 10 49 12 45 14 15 88 70 81 19 20 29 22 33 24 25 27 41 31 63 58 35 93 16 32 39 53 42 40 43 17 44 59 56 57 11 61 62 84 66 82 76 55 71 72 38 75 95 87 0 92 46 97 98 1 3 7 8 13 18 21 23 26 28 34 36 37 47 50 51 54 60 64 65 67 68 73 74 77 78 -79 -83 -85 -86 -89 -90 -91 -94 -96 -99
w45 :  0 1 50 3 4 5 72 81 8 87 34 59 69 78 65 9 17 16 23 20 21 22 61 25 33 27 30 68 31 32 35 36 37 44 15 40 41 99 79 93 85 48 58 51 94 53 64 86 56 52 11 14 71 62 74 82 63 95 73 89 77 19 97 83 90 70 60 26 10 2 6 7 12 -13 -18 -24 -28 -29 -38 -39 -42 -43 -45 -46 -47 -49 -54 -55 -57 -66 -67 -75 -76 -80 -84 -88 -91 -92 -96 -98
w46 :  0 45 3 91 76 21 7 8 41 10 11 12 54 53 22 29 64 18 16 79 44 47 95 50 26 27 90 35 31 51 33 85 37 38 72 40 9 69 17 2 32 14 71 52 96 56 88 92 59 74 61 62 82 77 65 67 70 30 43 78 58 73 13 83 93 6 87 66 99 1 80 63 36 4 5 15 19 20 23 24 25 28 34 39 42 46 48 49 55 57 60 68 75 81 -84 -86 -89 -94 -97 -98
w47 :  97 85 77 70 4 5 23 18 19 9 3 11 92 14 38 16 59 61 10 21 22 24 86 25 44 94 28 29 84 72 27 34 47 87 37 39 99 41 42 88 46 95 48 49 31 52 2 78 36 74 79 83 60 62 17 56 73 67 68 51 6 90 63 13 80 82 26 65 91 1 93 96 0 7 8 -12 -15 -20 -30 -32 -33 -35 -40 -43 -45 -50 -53 -54 -55 -57 -58 -64 -66 -69 -71 -75 -76 -81 -89 -98
w48 :  23 1 89 3 14 5 36 7 8 9 10 11 43 77 18 52 66 54 2 20 21 80 27 24 97 47 28 60 33 59 58 95 78 25 40 41 79 49 46 13 90 42 91 81 26 62 31 56 50 69 61 38 32 65 67 68 73 34 94 75 76 82 17 71 84 35 98 44 92 57 12 93 19 0 4 6 15 16 22 29 30 37 39 45 -48 -51 -53 -55 -63 -64 -70 -72 -74 -83 -85 -86 -87 -88 -96 -99
w49 :  27 1 2 30 81 33 6 41 84 9 10 74 62 36 72 15 58 49 18 77 63 44 22 23 95 25 19 51 29 54 88 45 35 94 39 42 50 21 46 47 73 28 13 52 31 71 7 61 24 64 85 67 16 70 57 59 12 40 82 86 93 92 91 99 90 96 14 98 0 3 4 -5 -8 -11 -17 -20 -26 -32 -34 -37 -38 -43 -48 -53 -55 -56 -60 -65 -66 -68 -69 -75 -76 -78 -79 -80 -83 -87 -89 -97
w50 :  24 1 21 63 4 5 57 7 8 19 10 27 49 91 14 96 16 45 22 36 62 92 28 25 26 65 86 31 48 33 34 35 72 38 97 40 89 46 43 70 64 79 52 74 80 13 59 60 61 81 66 67 76 69 12 73 75 20 2 3 98 84 95 55 32 99 0 6 9 11 15 17 18 23 29 30 37 39 41 42 44 47 50 51 -53 -54 -56 -58 -68 -71 -77 -78 -82 -83 -85 -87 -88 -90 -93 -94
w51 :  79 27 2 43 4 15 38 7 8 93 10 36 78 13 14 21 18 81 20 74 23 99 24 28 29 96 64 94 34 35 66 70 53 31 41 42 77 46 48 40 91 51 52 55 56 0 11 61 62 63 88 45 95 68 6 97 73 75 85 92 82 83 39 98 9 76 33 1 3 5 12 16 17 19 22 25 26 30 32 37 44 47 49 50 54 57 58 59 60 65 67 69 71 72 80 84 86 87 89 90
w52 :  0 1 90 96 3 15 27 41 8 22 58 11 12 40 29 95 6 18 19 78 21 89 24 74 77 32 99 30 36 97 60 35 65 59 72 42 38 44 79 46 47 23 49 50 51 52 85 54 55 62 57 61 69 84 82 31 5 83 70 88 98 73 86 39 92 9 13 2 4 7 10 14 16 -17 -20 -25 -26 -28 -33 -34 -37 -43 -45 -48 -53 -56 -63 -64 -66 -67 -68 -71 -75 -76 -80 -81 -87 -91 -93 -94
w53 :  0 1 94 77 69 5 6 7 68 27 29 42 52 8 50 31 17 30 45 73 37 22 21 71 25 26 89 16 84 32 33 93 95 76 63 41 43 11 47 48 49 51 98 75 55 2 65 58 60 61 13 66 70 96 72 14 82 12 20 90 92 19 79 83 99 80 3 4 9 10 15 18 23 24 28 34 35 36 38 39 40 44 46 53 54 56 57 59 62 64 67 74 78 81 85 -86 -87 -88 -91 -97
w54 :  0 89 80 3 4 5 78 69 9 59 11 12 13 2 48 84 81 25 57 85 21 22 14 24 62 27 36 29 30 55 20 33 66 35 18 39 40 10 43 45 46 88 56 49 41 71 52 70 63 53 58 72 17 7 74 86 98 87 76 77 73 83 19 26 90 91 93 23 95 31 32 1 6 8 15 16 28 34 37 38 42 44 -47 -50 -51 -54 -60 -61 -64 -65 -67 -68 -75 -79 -82 -92 -94 -96 -97 -99
w55 :  84 94 49 17 86 30 7 66 8 1 10 53 28 13 14 89 16 59 41 19 83 21 95 72 77 25 26 3 85 87 31 34 82 36 43 37 40 33 55 79 38 54 23 68 71 48 90 51 56 93 58 65 22 63 64 52 97 69 99 74 32 4 80 78 75 92 96 70 0 2 5 6 9 11 12 15 18 20 24 27 29 35 39 42 44 45 46 47 50 57 60 61 62 67 73 76 81 88 91 -98
w56 :  0 69 44 3 89 71 6 7 8 79 10 11 12 13 14 21 37 70 18 62 22 24 52 66 27 38 29 56 50 93 65 35 32 59 91 76 23 58 46 86 47 73 78 77 33 60 92 80 88 43 54 82 87 95 85 26 42 53 83 84 67 99 25 31 1 2 4 5 9 15 16 17 19 20 28 30 34 36 39 40 41 45 -48 -49 -51 -55 -57 -61 -63 -64 -68 -72 -74 -75 -81 -90 -94 -96 -97 -98
w57 :  87 19 20 54 4 16 37 53 8 9 65 11 58 29 26 62 17 52 35 97 22 45 25 74 27 28 30 44 59 31 64 36 39 5 41 43 13 46 47 48 49 95 51 80 42 55 56 98 92 24 94 72 63 38 67 99 93 21 73 84 90 78 79 82 68 85 86 89 1 88 40 0 2 3 6 7 10 12 14 15 18 23 32 33 -34 -50 -57 -60 -61 -66 -69 -70 -71 -75 -76 -77 -81 -83 -91 -96
w58 :  45 97 2 25 27 5 62 7 32 9 10 11 12 13 14 80 17 18 47 23 24 69 59 82 28 20 49 1 33 34 35 39 91 94 73 40 90 42 43 44 21 8 79 77 54 87 3 78 58 67 61 63 65 38 92 71 72 76 55 51 16 89 95 64 52 26 0 4 6 15 19 22 29 30 31 36 37 41 46 48 50 53 56 57 60 66 68 70 74 75 81 83 84 85 86 88 -93 -96 -98 -99
w59 :  16 1 98 70 36 11 35 92 12 9 10 20 61 30 64 53 90 22 72 62 23 25 26 27 28 29 7 3 88 99 95 63 42 47 52 41 77 44 46 73 49 50 51 54 68 76 43 59 21 4 45 82 58 2 74 85 71 17 75 79 66 81 57 84 93 86 18 83 94 0 5 6 8 13 14 15 19 24 31 32 33 34 37 38 39 40 48 55 56 -60 -65 -67 -69 -78 -80 -87 -89 -91 -96 -97
w60 :  53 1 2 3 4 5 19 7 8 47 10 96 12 89 14 55 25 56 73 64 84 28 22 24 98 49 62 78 63 40 33 69 36 70 38 48 37 66 68 26 23 95 17 52 79 46 57 58 9 74 35 85 97 92 30 93 75 21 80 31 43 45 86 91 60 32 27 39 0 6 11 13 15 16 18 20 29 34 41 42 44 50 51 54 59 61 65 67 71 72 76 77 81 82 83 87 88 -90 -94 -99
w61 :  62 43 2 31 4 60 3 66 36 44 27 11 49 61 14 15 50 18 33 20 35 40 42 24 25 29 28 38 26 19 8 34 21 51 95 93 7 76 98 45 91 23 48 17 80 52 53 89 55 56 86 58 78 41 64 0 88 84 74 82 97 81 96 77 68 94 46 85 37 79 99 1 5 6 9 10 12 13 16 22 30 32 39 47 54 57 59 -63 -65 -67 -69 -70 -71 -72 -73 -75 -83 -87 -90 -92
w62 :  0 1 22 3 15 5 6 36 8 47 12 98 88 13 58 97 49 81 74 19 64 21 23 39 31 50 82 29 70 30 32 77 61 17 89 41 42 90 72 16 69 73 96 65 54 71 37 99 59 11 52 79 9 67 68 78 86 18 2 83 57 85 34 51 93 44 94 95 60 4 7 10 14 20 24 25 26 27 28 33 35 38 -40 -43 -45 -46 -48 -53 -55 -56 -62 -63 -66 -75 -76 -80 -84 -87 -91 -92
w63 :  31 1 60 3 65 5 6 7 8 42 45 9 12 79 14 15 16 17 20 19 62 68 22 84 92 25 26 27 76 51 30 32 33 70 13 90 82 36 50 66 74 98 49 99 52 37 0 56 95 59 61 63 58 41 21 69 72 73 77 24 89 78 34 86 39 91 83 94 96 35 2 4 10 11 18 23 28 29 38 40 43 44 46 47 48 53 54 55 -57 -64 -67 -71 -75 -80 -81 -85 -87 -88 -93 -97
w64 :  0 4 2 81 5 6 44 39 31 10 41 24 93 87 91 96 55 63 27 20 22 29 25 83 40 30 19 11 48 66 36 62 50 9 95 43 80 45 52 47 72 53 34 57 58 59 97 14 77 46 69 70 71 35 85 75 76 78 54 49 17 84 1 26 92 64 98 3 7 8 12 13 15 16 18 -21 -23 -28 -32 -33 -37 -38 -42 -51 -56 -60 -61 -65 -67 -68 -73 -74 -79 -82 -86 -88 -89 -90 -94 -99
w65 :  52 37 21 26 30 75 50 64 8 44 74 11 28 13 14 51 99 56 19 20 62 59 70 25 35 54 57 10 65 32 34 36 0 48 87 93 63 79 78 89 71 41 42 68 39 69 55 4 33 58 84 3 40 6 83 46 72 77 85 17 60 82 16 81 23 96 27 31 94 97 1 2 5 7 9 12 15 18 22 24 29 38 43 45 47 49 53 61 66 67 73 76 80 86 88 90 91 92 95 -98
w66 :  0 77 24 73 11 36 6 85 38 87 10 12 65 22 62 16 74 18 3 66 19 28 69 25 26 27 41 30 31 32 34 35 50 95 78 40 58 51 76 44 45 86 91 46 52 53 21 54 56 88 59 93 49 96 64 99 84 72 29 80 60 82 83 89 67 7 70 13 1 2 4 5 8 9 14 15 17 20 23 33 37 39 42 43 47 48 55 57 61 63 68 71 -75 -79 -81 -90 -92 -94 -97 -98
w67 :  72 1 29 17 4 56 31 36 55 9 86 11 12 48 14 33 79 27 19 91 96 45 23 90 52 28 34 75 49 88 97 37 38 39 13 41 16 60 44 24 85 51 76 22 78 43 61 59 6 25 95 30 68 65 73 74 77 80 10 54 8 94 92 87 7 99 0 2 3 5 15 18 20 21 26 32 35 40 42 -46 -47 -50 -53 -57 -58 -62 -63 -64 -66 -67 -69 -70 -71 -81 -82 -83 -84 -89 -93 -98
w68 :  36 1 2 69 27 5 7 44 9 59 90 12 13 73 74 61 52 18 20 11 57 23 24 54 26 28 34 15 87 33 91 77 22 6 38 4 40 81 42 80 3 94 47 79 63 64 62 43 10 89 14 60 65 41 58 70 49 19 78 17 82 84 51 45 93 71 25 98 50 35 99 0 8 16 -21 -29 -30 -31 -32 -37 -39 -46 -48 -53 -55 -56 -66 -67 -68 -72 -75 -76 -83 -85 -86 -88 -92 -95 -96 -97
w69 :  86 50 2 38 98 28 21 7 52 9 10 19 12 13 37 16 17 18 22 25 23 24 99 26 27 29 44 11 33 73 36 43 39 94 88 42 51 81 1 47 0 49 82 53 54 90 79 57 59 61 62 56 85 34 3 30 83 95 41 72 75 40 93 70 92 15 48 4 5 6 8 14 20 31 32 35 45 -46 -55 -58 -60 -63 -64 -65 -66 -67 -68 -69 -71 -74 -76 -77 -78 -80 -84 -87 -89 -91 -96 -97
w70 :  85 1 2 8 4 19 6 36 52 10 90 12 13 14 58 16 79 40 38 21 22 74 86 25 43 69 28 71 24 31 80 35 54 39 0 68 44 45 33 48 50 92 9 99 55 57 93 66 62 63 27 91 23 70 73 5 61 26 59 60 49 82 89 75 98 56 96 64 30 3 7 11 15 17 18 20 29 32 34 37 41 42 -46 -47 -51 -53 -65 -67 -72 -76 -77 -78 -81 -83 -84 -87 -88 -94 -95 -97
w71 :  10 52 44 62 55 27 6 7 94 98 79 11 12 13 14 15 72 9 18 21 48 42 23 24 35 26 28 88 60 20 65 33 45 36 37 77 97 40 41 92 46 85 4 34 86 95 53 17 38 69 82 0 68 61 64 91 66 76 8 30 74 19 93 58 96 81 56 29 51 39 1 2 3 5 16 22 25 31 32 43 47 49 50 54 57 59 63 67 70 -71 -73 -75 -78 -80 -83 -84 -87 -89 -90 -99
w72 :  12 1 2 75 85 19 70 8 9 10 11 13 15 52 16 17 32 39 41 21 22 89 24 25 65 18 72 83 62 36 76 43 7 73 6 5 97 47 40 31 0 51 68 60 92 59 58 78 42 99 44 77 61 98 81 90 74 91 88 28 49 50 84 86 79 96 29 14 94 95 3 4 20 23 26 27 30 33 34 35 37 38 45 46 48 53 54 55 56 57 63 64 66 -67 -69 -71 -80 -82 -87 -93
w73 :  0 66 16 3 5 33 69 21 51 44 24 12 77 14 85 17 50 31 7 83 41 26 27 1 55 98 89 37 46 52 38 39 42 43 59 45 99 75 91 49 84 64 97 56 57 58 25 76 61 62 94 71 65 8 68 90 72 73 32 22 79 60 29 82 92 67 6 95 19 2 4 9 10 11 13 15 18 20 23 28 30 -34 -35 -36 -40 -47 -48 -53 -54 -63 -70 -74 -78 -80 -81 -86 -87 -88 -93 -96
w74 :  0 80 2 51 4 5 6 40 68 30 10 93 53 11 14 15 41 83 18 66 76 22 47 24 25 78 27 31 65 20 29 35 45 55 44 43 63 92 46 81 26 72 48 52 59 56 57 58 75 61 39 37 21 9 70 71 3 7 12 84 86 87 88 62 42 74 95 97 8 1 13 16 17 19 23 28 32 33 34 36 38 49 50 54 60 64 67 69 73 77 79 82 85 -89 -90 -91 -94 -96 -98 -99
w75 :  77 1 63 65 16 22 69 27 8 9 4 11 70 3 14 53 83 60 19 36 21 71 33 24 25 26 72 49 30 31 32 34 59 40 74 29 78 35 95 86 91 37 96 48 5 43 51 52 20 93 56 68 58 89 62 64 2 79 75 82 90 99 47 13 17 87 61 55 97 15 0 6 7 10 12 18 23 28 38 39 41 42 44 45 46 50 54 57 66 67 73 76 80 81 84 85 88 92 -94 -98
w76 :  0 47 37 44 4 18 6 52 8 36 50 11 65 13 88 7 31 73 21 3 45 19 25 59 26 29 30 10 51 72 60 38 39 35 75 42 57 78 87 99 58 91 53 54 56 85 12 62 61 66 67 22 69 70 71 74 77 80 34 49 89 92 93 68 15 81 1 2 5 9 14 16 17 20 23 24 27 28 32 33 40 41 43 46 48 55 63 64 76 79 82 83 84 86 90 94 95 -96 -97 -98
w77 :  90 1 51 3 4 5 34 31 61 9 38 72 12 13 14 25 29 78 65 19 6 21 73 23 24 17 27 28 86 54 94 99 37 39 80 41 42 89 44 92 47 88 85 62 52 76 68 91 59 74 79 63 84 45 7 36 16 70 96 11 22 97 57 87 93 95 55 46 0 2 8 10 -15 -18 -20 -26 -30 -32 -33 -35 -40 -43 -48 -49 -50 -53 -56 -58 -60 -64 -66 -67 -69 -71 -75 -77 -81 -82 -83 -98
w78 :  96 41 62 3 33 54 91 7 8 9 10 11 12 13 79 84 17 18 20 72 23 24 58 26 40 28 29 22 32 34 85 44 94 14 77 64 47 48 49 90 73 52 83 50 27 59 60 69 89 65 68 70 21 80 35 43 25 51 5 61 53 42 87 76 95 38 98 63 0 1 2 4 6 15 16 19 30 31 36 37 -39 -45 -46 -55 -56 -57 -66 -67 -71 -74 -75 -78 -81 -82 -86 -88 -92 -93 -97 -99
w79 :  59 66 94 44 4 16 96 54 95 9 81 86 13 10 99 75 18 25 57 23 22 27 24 52 28 29 42 31 1 58 47 36 38 21 40 51 90 79 77 46 50 49 61 7 14 64 62 17 70 68 93 30 72 73 20 92 83 98 82 35 85 88 84 56 39 0 2 3 5 6 8 11 12 15 19 26 32 33 34 37 41 43 45 48 -53 -55 -60 -63 -65 -67 -69 -71 -74 -76 -78 -80 -87 -89 -91 -97
w80 :  3 98 2 55 80 6 7 8 35 10 56 12 13 14 28 33 9 48 21 22 71 24 25 26 57 5 30 68 75 34 19 23 92 95 40 87 16 43 44 45 47 49 61 88 90 62 60 63 64 66 76 70 38 73 86 97 36 50 82 27 84 85 69 58 18 1 93 42 96 4 0 11 15 17 20 29 -31 -32 -37 -39 -41 -46 -51 -52 -53 -54 -59 -65 -67 -72 -74 -77 -78 -79 -81 -83 -89 -91 -94 -99
w81 :  86 31 95 3 4 41 27 7 79 15 77 45 97 24 28 42 43 48 18 91 20 88 22 23 87 85 29 40 49 33 35 6 66 70 39 8 21 9 32 16 69 56 52 64 0 55 10 83 44 62 53 94 14 12 19 73 74 93 98 84 2 81 82 90 96 60 36 38 68 1 5 11 13 17 25 26 30 34 37 46 47 50 51 54 57 58 59 61 63 65 67 71 -72 -75 -76 -78 -80 -89 -92 -99
w82 :  22 1 72 78 3 5 47 7 8 75 65 11 0 13 14 70 16 51 99 94 63 21 23 50 18 26 28 29 52 40 32 68 36 38 81 44 77 42 82 59 74 15 49 76 54 66 95 17 58 12 61 39 73 90 79 86 41 27 98 80 97 89 45 88 64 85 96 2 4 6 9 10 19 20 24 25 30 31 33 34 35 37 43 46 48 53 55 56 57 60 62 67 -69 -71 -83 -84 -87 -91 -92 -93
w83 :  26 1 86 19 34 5 66 7 8 9 87 11 12 78 45 25 16 17 94 42 49 33 99 83 77 27 85 67 22 82 32 97 37 36 0 14 39 30 43 69 73 98 47 48 95 3 51 52 6 41 63 59 61 31 89 65 91 21 13 71 79 72 50 76 62 46 84 75 90 93 68 96 2 4 10 15 18 20 23 24 28 29 35 38 40 44 53 -54 -55 -56 -57 -58 -60 -64 -70 -74 -80 -81 -88 -92
w84 :  0 16 2 3 4 76 63 27 37 9 10 39 71 88 14 21 81 25 92 53 46 22 79 24 93 13 29 30 31 33 94 35 41 58 57 52 18 40 59 6 48 49 97 26 55 47 68 85 80 66 75 69 72 45 50 77 17 83 43 87 70 19 82 95 96 98 1 5 7 8 11 -12 -15 -20 -23 -28 -32 -34 -36 -38 -42 -44 -51 -54 -56 -60 -61 -62 -64 -65 -67 -73 -74 -78 -84 -86 -89 -90 -91 -99
w85 :  0 63 75 59 4 35 23 30 8 61 10 11 34 19 14 84 16 78 32 22 21 33 58 71 25 26 89 40 31 17 65 37 20 60 95 29 44 62 42 46 56 86 52 53 79 47 5 64 7 38 68 83 99 72 87 27 74 36 94 82 69 1 90 92 3 70 97 57 2 6 9 12 13 15 18 24 28 39 41 43 -45 -48 -49 -50 -51 -54 -55 -66 -67 -73 -76 -77 -80 -81 -85 -88 -91 -93 -96 -98
w86 :  0 41 2 51 54 85 6 8 45 91 35 12 13 60 4 67 92 18 19 97 21 22 27 76 26 73 65 31 37 50 52 36 38 24 40 95 15 44 74 32 3 99 53 82 62 78 58 59 56 61 69 81 66 88 70 86 72 77 83 42 87 47 14 84 25 93 11 1 5 7 9 10 16 17 20 23 28 29 30 33 34 39 43 46 48 49 55 57 63 64 68 71 75 -79 -80 -89 -90 -94 -96 -98
w87 :  32 93 95 21 4 26 3 81 8 9 87 11 99 13 44 74 78 17 71 19 75 12 22 58 52 25 94 27 79 29 30 34 85 88 77 90 37 73 39 96 41 76 43 47 48 49 36 86 54 55 56 6 92 59 89 72 97 16 67 68 38 80 24 31 82 1 91 51 0 2 5 7 10 14 15 18 20 23 28 33 35 40 42 45 46 50 53 57 60 61 62 63 64 65 66 69 70 83 84 98
w88 :  48 8 18 28 2 91 46 24 63 9 10 11 23 13 40 37 79 17 61 19 20 21 64 25 80 73 90 44 43 32 33 27 35 16 60 41 85 62 12 14 99 45 47 4 49 29 52 54 75 57 58 59 65 67 69 71 89 3 77 94 81 92 56 93 84 97 5 51 0 1 6 7 15 22 -26 -30 -31 -34 -36 -38 -39 -42 -50 -53 -55 -66 -68 -70 -72 -74 -76 -78 -82 -83 -86 -87 -88 -95 -96 -98
w89 :  0 43 53 3 9 59 39 79 64 52 54 67 13 36 6 35 90 18 4 10 21 22 23 72 25 29 95 28 92 31 14 33 83 51 38 41 77 42 44 63 62 47 49 27 93 86 56 73 58 60 61 82 26 88 66 70 71 74 16 50 85 1 81 84 98 45 94 24 75 30 2 5 7 8 11 12 15 17 19 20 32 34 37 40 46 48 55 57 65 68 69 76 78 80 87 89 91 96 97 99
w90 :  3 1 19 40 4 5 6 33 9 21 72 8 70 14 90 48 12 49 79 2 23 75 28 26 27 44 30 66 32 35 36 85 45 39 80 69 43 96 50 56 71 57 64 62 94 53 55 86 22 46 93 16 25 24 73 74 76 63 87 84 10 98 7 92 95 89 91 41 97 0 11 13 15 17 18 20 29 31 34 37 38 42 47 51 52 54 58 59 60 61 65 67 68 77 78 -81 -82 -83 -88 -99
w91 :  0 83 2 8 4 37 6 7 64 29 99 12 41 82 15 48 18 62 20 21 22 23 24 34 27 28 31 59 88 68 66 36 98 40 77 43 3 45 46 44 97 51 52 53 75 55 56 39 93 63 69 91 74 76 42 81 79 14 35 61 85 92 95 87 1 5 9 10 11 13 16 17 19 25 26 30 32 33 -38 -47 -49 -50 -54 -57 -58 -60 -65 -67 -70 -71 -72 -73 -78 -80 -84 -86 -89 -90 -94 -96
w92 :  0 1 61 3 5 83 42 77 33 10 74 12 13 14 52 15 6 51 19 16 21 22 38 58 73 28 50 31 96 7 62 88 86 39 40 41 85 89 79 70 47 87 59 82 54 60 64 98 36 95 65 67 23 97 92 72 29 90 99 78 94 11 8 32 2 4 9 17 18 20 24 25 26 27 30 34 35 37 43 44 45 46 -48 -49 -53 -55 -56 -57 -63 -66 -68 -69 -71 -75 -76 -80 -81 -84 -91 -93
w93 :  49 1 2 95 27 89 7 8 85 30 66 12 55 14 18 62 17 72 19 0 21 22 79 32 26 3 31 97 83 82 76 71 81 84 37 38 39 75 41 42 43 10 45 58 61 6 90 51 52 24 23 5 63 57 65 59 33 77 68 94 73 78 44 25 36 91 98 16 69 99 4 9 11 13 15 20 28 29 34 35 -40 -46 -47 -48 -50 -53 -54 -56 -60 -64 -67 -70 -74 -80 -86 -87 -88 -92 -93 -96
w94 :  76 5 2 27 4 81 21 65 55 10 39 12 43 14 59 38 29 18 46 93 9 22 40 25 98 53 24 30 31 57 69 78 35 11 79 41 45 44 72 63 47 86 49 3 52 90 56 58 0 92 19 68 83 28 66 7 84 70 74 34 80 88 50 17 42 95 33 51 1 6 8 13 15 16 20 23 26 32 36 -37 -48 -54 -60 -61 -62 -64 -67 -71 -73 -75 -77 -82 -85 -87 -89 -91 -94 -96 -97 -99