m0 :  63 1 2 3 4 7 6 92 11 93 78 12 51 31 46 54 17 15 19 53 61 50 91 24 25 26 87 28 85 23 33 34 8 0 37 36 52 41 76 89 45 13 49 55 56 48 58 57 60 44 65 66 88 21 75 69 64 80 82 77 84 67 29 68 94 5 9 10 14 16 18 20 22 27 30 32 35 38 39 40 42 43 47 59 62 70 71 72 73 74 79 81 83 86 90
m1 :  3 19 7 48 4 63 6 8 9 10 15 81 74 42 16 17 18 61 30 79 29 51 68 62 27 28 34 73 35 80 82 91 52 78 40 49 47 11 77 55 84 50 86 64 88 57 58 59 44 1 5 31 67 69 70 43 76 45 89 41 93 90 0 2 12 13 14 20 21 22 23 24 25 26 32 33 36 37 38 39 46 53 54 56 60 65 66 71 72 75 83 85 87 92 94
m2 :  80 1 2 3 93 43 6 7 8 10 33 12 82 15 40 88 18 32 20 21 69 73 81 28 65 30 5 54 31 67 36 60 38 39 55 23 44 45 66 94 11 50 46 56 87 53 61 77 58 63 68 16 41 71 48 85 78 25 24 90 86 52 92 0 4 9 13 14 17 19 22 26 27 29 34 35 37 42 47 49 51 57 59 62 64 70 72 74 75 76 79 83 84 89 91
m3 :  0 78 2 42 4 5 6 19 8 10 26 12 37 14 15 16 33 18 20 21 86 93 89 28 66 69 32 34 35 38 29 40 65 43 44 87 48 92 76 53 75 56 45 58 72 3 79 22 82 55 68 83 7 74 59 60 81 67 11 84 61 36 94 1 9 13 17 23 24 25 27 30 31 39 41 46 47 49 50 51 52 54 57 62 63 64 70 71 73 77 80 85 88 90 91
m4 :  61 90 89 26 4 9 6 81 8 46 10 11 12 78 41 62 84 17 74 19 20 21 15 23 93 53 27 28 80 54 31 48 33 34 63 66 30 43 25 45 47 49 51 52 69 55 56 58 60 0 24 67 88 71 72 7 73 79 35 85 2 18 1 3 5 13 14 16 22 29 32 36 37 38 39 40 42 44 50 57 59 64 65 68 70 75 76 77 82 83 86 87 91 92 94
m5 :  0 1 87 3 4 25 34 36 69 78 75 11 53 13 14 52 28 17 18 19 61 21 23 76 26 93 29 30 31 12 83 37 88 39 81 41 51 67 45 46 58 73 50 54 55 47 63 64 65 89 68 70 72 15 79 56 82 84 92 85 57 44 2 5 6 7 8 9 10 16 20 22 24 27 32 33 35 38 40 42 43 48 49 59 60 62 66 71 74 77 80 86 90 91 94
m6 :  0 1 50 48 4 70 6 57 88 9 19 51 12 64 23 15 37 18 62 49 30 22 24 86 80 28 29 16 31 32 34 35 61 83 77 63 27 78 13 81 93 39 55 56 58 59 73 84 69 17 68 74 46 87 76 33 82 3 89 5 91 60 7 2 8 10 11 14 20 21 25 26 36 38 40 41 42 43 44 45 47 52 53 54 65 66 67 71 72 75 79 85 90 92 94
m7 :  22 65 2 3 64 5 6 20 8 25 10 73 12 13 84 15 58 75 45 21 68 9 52 60 50 28 29 30 67 32 33 26 36 37 38 39 56 77 43 44 31 46 47 48 71 54 55 57 59 78 85 63 66 89 87 72 1 74 94 90 82 88 92 86 0 4 7 11 14 16 17 18 19 23 24 27 34 35 40 41 42 49 51 53 61 62 69 70 76 79 80 81 83 91 93
m8 :  87 11 2 3 4 5 20 76 35 49 12 28 13 14 59 16 18 19 37 21 72 65 0 7 45 55 46 25 30 52 32 33 34 36 38 51 40 41 93 84 86 57 48 42 29 56 53 66 31 89 58 80 43 27 92 22 6 61 71 74 94 77 78 79 81 8 1 9 10 15 17 23 24 26 39 44 47 50 54 60 62 63 64 67 68 69 70 73 75 82 83 85 88 90 91
m9 :  0 1 2 23 28 86 6 7 8 26 11 12 13 43 15 62 17 18 19 58 27 59 16 49 24 33 29 20 31 34 38 61 37 46 40 41 89 53 51 47 48 84 85 54 55 56 90 74 63 64 60 68 69 10 72 14 42 93 78 21 76 81 30 44 9 3 4 5 22 25 32 35 36 39 45 50 52 57 65 66 67 70 71 73 75 77 79 80 82 83 87 88 91 92 94
