m0 :  0 25 2 3 46 5 [6 94 14] [34 40 64 12] 63 [15 43] [22 18] [19 60 78 76 56 26] [85 28] 29 74 [31 49 35 72] [38 39] [41 83 92] [44 69] 9 [47 48] 37 51 [75 68] 55 57 58 82 91 [79 65 81] 70 [71 73 8 77] [27 10] 32 [1 4 7] 11 13 16 17 20 21 23 24 30 33 36 [42 45 50] [52 53 54 59 61] [62 66] 67 80 [84 86] [87 88 89] 90 93
m1 :  [62 1] [2 43 14 5] [6 7 33] [18 19] 51 29 [81 16 17 68 40 21] 88 [13 24 46] [70 27 52] [73 30 31] [66 72] 35 [37 75 41 91 53 74] 47 48 [85 93] 32 [83 45 58] 59 64 [36 65] [49 71] [76 8 60] [78 54 0 20] [9 38] [79 42] 26 [25 3 4 10 11 12] [15 22 23 28] [34 39] [44 50] 55 56 [57 61 63 67] 69 [77 80 82 84] 86 [87 89 90 92 94]
m2 :  [0 72] 80 20 3 [81 6 78 94 38] [44 75] [67 1 27] 15 90 [7 29] [37 56 21] [22 23 24 30] [53 28 70 18] [33 79] [40 26 82] [34 42 43 45] [46 47] [39 11] 50 51 52 89 63 [93 58 61 17] 64 65 [66 5] 69 [73 74] [76 77 88 84] 71 [87 91] [92 36 2 4] [8 9] 10 12 13 [14 16] [19 25] 31 [32 35] 41 [48 49 54 55] 57 59 60 62 68 83 85 86
m3 :  [0 11] [46 3 7] [5 39] [8 10] 56 12 13 [14 15] 94 [66 19 63] [85 36] 24 58 [55 87 29 33] [32 34] 88 72 38 [76 60] 41 [42 43 44 2] [61 49] [50 51 25 52 37 64] [90 93 54] 89 67 4 48 31 [71 79] 65 80 [75 81 82] [57 74] [86 92 1] 6 [9 16 17] 18 [20 21] [22 23] [26 27 28] [30 35 40] 45 [47 53 59] [62 68] 69 70 [73 77] 78 83 [84 91]
m4 :  60 39 43 3 4 5 [6 93] [73 10] 11 12 [70 20] [71 16] [30 18] [19 21] [22 23 33 26 27 28] 29 59 [31 82] 34 42 41 [38 46 74] 64 81 [88 15] 50 [53 57] 69 [9 61 84] [63 66] [7 13] 80 75 [83 77 14 2 48] 44 [17 91] 65 [94 0] [1 8 24] 25 [32 35] [36 37] [40 45] 47 49 [51 52 54] 55 [56 58 62 67 68] 72 [76 78] [79 85 86] [87 89 90 92]
m5 :  0 [43 72 3] [25 31 51 32] 40 67 10 89 83 13 14 15 6 [17 18 73] 93 [22 23 49 75] [65 56] [37 78] 59 69 79 [81 38 39] 41 [2 27 60] 47 [48 64] 52 [74 20 35] [57 28] 94 61 [19 63 34 92 26] [68 71 54 9] 82 77 [85 66] 45 16 [1 4 5 7 8] 11 12 [21 24] 29 [30 33 36 42 44] 46 [50 53] [55 58] 62 [70 76 80 84 86 87] [88 90 91]
m6 :  71 1 2 [3 4] 5 6 37 8 69 46 48 24 57 [14 64 72] [17 18 19] [20 21 67] 16 26 27 [81 29 30] 93 [32 33 55 35] 88 [38 75] 45 [0 90] 15 [59 51 53 78 47] 58 [76 84] [62 65] [66 68] 73 [74 54 79 43] [40 83] 10 [85 9] [89 91] 7 11 [12 13] 22 23 [25 28] [31 34 36 39] 41 42 [44 49 50 52 56] [60 61] 63 70 [77 80 82] 86 87 [92 94]
m7 :  [79 1 2] [52 89] 5 6 [7 8 9] [23 11 4 12 72] [56 59 88 19] 20 21 [22 24 71] [65 63 29 30] 76 78 82 34 [16 33 38] [61 31] [32 42 36 44] [45 46 47 86] 50 [37 73] [51 93 58] [64 75 62 67 69 70] 90 [81 18 80] [87 84] 0 3 10 [13 14 15] [17 25] 26 [27 28 35] 39 [40 41 43] 48 49 53 54 [55 57] [60 66] 68 74 [77 83] [85 91 92] 94
m8 :  [0 91] 2 [88 18 75 71] 7 66 10 [90 12] 13 [14 15 72] [35 37 29 44 21 8] [24 92 42] [38 84 54] [50 76 33] 34 [70 36] 49 64 40 74 43 [80 46 47] 48 [4 52 94 5] [77 58] 56 60 [61 57 63 39] [41 45 79 78] [81 82 85 86] 87 [93 1] [3 6 9 11] 16 17 [19 20] [22 23] 25 26 [27 28] 30 [31 32] [51 53] 55 59 62 65 [67 68] [69 73 83] 89
m9 :  [10 60 2 83] [30 5] 6 [63 8] 9 66 12 86 64 15 73 43 74 19 [70 21 18] [3 72 26] [38 84 68] 88 [93 34 50 23] 85 [41 42] 44 45 39 [40 48 7 20 58 53] 49 [14 51 57 46] 59 61 [78 71 69] 90 75 76 4 80 91 94 67 [13 0 1] 11 [16 17] 22 24 25 [27 28] [29 31] [32 33 35] [36 37 47 52 54 55] [56 62 65] [77 79] 81 82 [87 89] 92
m10 :  28 15 [38 3 86 54 6] [22 83] [9 18] 51 12 [74 65] [8 17] 19 20 [47 27 52] [1 25] 91 56 85 [49 64 41 43 34] 35 13 37 [39 75] 46 79 48 [67 23 2] [10 57] [58 90] 60 61 81 [63 76 40 68 69] [70 71 72] [73 78 82] [87 11 92 93 0 4] [5 7 14 16] 21 24 26 29 [30 31] 32 [33 36 42] 44 45 50 [53 55 59 62] [66 77] [80 84] 88 89 94
m11 :  0 1 [2 74] 4 5 [78 7] 8 [19 15 80 14] [37 16 17 18] [20 12 11 24] 91 75 27 28 [29 32] 33 36 35 38 [41 40 79 59] 43 62 [46 64 48] 49 13 51 [68 55] 72 [87 58] 70 [61 63] [34 21 66] 88 76 94 [81 30 83] 84 [42 71 3 6 9] 10 [22 23 25 26] [31 39 44] 45 [47 50 52 53 54 56] 57 60 [65 67 69] 73 77 82 [85 86 89] 90 92 93
m12 :  [16 1] 45 44 [21 5 90 69 47] [76 34 11] [56 75] [6 67] 2 72 18 19 [30 52 22 58] 38 [31 26] 28 29 [94 88] 93 24 51 [37 77] 80 [42 43] [92 46] 84 13 [63 89 64] 20 [33 36] 59 [68 61] 62 70 [83 74 82 81] 78 [79 91 25] 0 [7 3 4] [8 9 10] 12 [14 15 17] 23 27 32 35 39 [40 41 48 49] [50 53 54 55 57] [60 65 66 71 73] [85 86] 87
m13 :  [0 35] 2 3 42 [5 6] 7 [8 10] [77 43] 13 [14 15 91 18 19 72] 86 [22 63] [24 34] 80 83 29 [94 61 32 33] 46 [37 38 39 40] [48 49 56] 51 52 54 55 78 [84 4 60 28] 12 66 [67 69 71] 74 75 76 79 88 16 [85 90] 36 [1 9 11 17] [20 21 23 25] [26 27 30] 31 [41 44 45] [47 50] [53 57] 58 [59 62] [64 65 68] 70 73 [81 82] 87 89 92 93
m14 :  [14 1 9 3] [44 5 6] 8 [10 30 12 69] [94 59 39] 61 20 [21 22 53] 75 [25 26] [27 28 29] 43 4 33 34 [68 62] [37 71] [63 42] [45 74 35] [51 73 72 58 57 60] 84 [38 66] 64 19 [18 93] 48 91 [90 80 49] [82 83 85 88] 0 [2 7] 11 13 15 [16 17] [23 24 31 32] [36 40 41] 46 47 [50 52 54] 55 56 65 67 [70 76 77] [78 79] [81 86] 87 89 92
m15 :  0 [80 79] 3 70 44 [6 29] 8 9 [10 78 12 13] [14 15 31 93 63] 19 20 [22 49 52] 57 68 60 [74 77 94] [34 35 11 72] 38 71 40 41 43 16 56 [85 26] [51 91 53] [37 48 84] 2 67 69 64 65 25 [73 92] 61 [81 83] [54 39] [88 1] [4 5 7 17] 18 21 [23 24 27 28 30] 32 [33 36] 42 45 [46 47] 50 [55 58 59 62 66] [75 76] [82 86 87 89] 90
m16 :  0 1 2 [7 4] 5 8 [30 10] [45 12 19] [14 15] [16 17] 83 20 [62 65 92 88 27] [64 31] 32 [81 35 36] 60 73 [40 41] 79 [24 37] [59 48] 38 [46 51 75] 53 [3 94 74] 58 69 23 71 66 [61 68 70 76] [72 28 84] 78 [91 9] [34 33] 63 54 6 11 13 18 21 [22 25 26 29 39] 42 [43 44 47] 49 [50 52 55 56] 57 67 77 [80 82 85] [86 87] 89 90 93
m17 :  [26 1 2 0] [4 5] [51 7] [36 9] [11 49] 86 88 [45 16 17 42 34 74] 21 [64 24 59 27] 28 [29 30 47] 33 [82 8] 6 [63 39 18 56] [37 44 46] 90 73 [67 50] 52 [78 94] 65 [58 70] 61 [62 66] 79 [22 69 89 75 76 92] [80 81 53] 84 [3 77 91 10 12] [13 14 15 19] [20 23] [25 31 32 35 38 40] [41 43 48] 54 [55 57] 60 68 71 [72 83 85] 87 93
m18 :  0 91 [2 21 49] [5 89 7 8] [9 10] 61 85 14 47 [87 75] 80 58 [36 84 54] 24 [4 39 15 29] 26 [69 32] [33 71] 35 [37 38] [40 41 72] 43 [34 48 50] [27 52 94 55 56] 51 31 [59 42] 63 [45 67] [3 90] 44 76 [18 13] [88 46 81 86 19] 93 1 [6 11] [12 16] [17 20 22 23 25] 28 30 [53 57 60 62] 64 65 66 68 [70 73 74] [77 78 79] [82 83] 92
m19 :  [70 1] 61 [3 4 5] [8 57 85] 9 [34 14] 67 [15 41] 43 [30 19] [20 21] [10 48 72 44] [27 26] 59 31 66 33 60 [42 37 38 12] 82 64 [45 46] [52 63] [18 51 40 53 16] 22 49 [58 24 65] 93 69 83 73 [39 7 68] [11 80 23 71 84] 88 6 [74 92] [94 0] 2 13 17 25 [28 29] [32 35 36] [47 50 54 55] [56 62 75] 76 77 [78 79] 81 86 [87 89 90 91]
m20 :  [0 77] 2 3 21 [91 6] [33 56 69 10] 26 34 14 [15 35 18 70] [5 53 48 80] [25 27 65] 29 78 [31 76] [72 37] [38 39 85] [75 87 43 44] [9 28 47 57] [19 51] 52 [32 22 61] [16 74 64] [63 68 67] 79 [73 46] [83 94 92] 93 41 49 13 1 4 7 8 11 [12 17] [20 23 24 30 36] 40 [42 45 50] 54 55 [58 59 60] 62 66 71 [81 82 84] [86 88] 89 90
m21 :  [0 1 2 3 62 5] 6 46 8 75 38 [83 43 40] [14 15] 16 72 [18 19 20 42] 64 [24 52] [27 94 71] 30 55 32 78 35 [36 60 73 37 51] 48 85 [76 53] 88 [70 69] 57 58 [59 26 21 81] 87 66 [68 74] 47 29 [79 80] 89 [54 41] 17 93 [33 4 7 9 10] [11 12] 13 [22 23] [25 28] 31 34 [39 44] [45 49 50 56 61 63] 65 67 [77 82] [84 86] 90 91 92
m22 :  [0 1] [52 3 17] 5 [90 7] [80 9 61] [6 58 15] 91 22 [29 18 19] 53 21 24 41 [45 88 34] [30 75] [16 33] [42 36 72 37] 38 81 [26 62 39 44] [79 76 82 67] [64 56] [59 60] [89 63] 8 28 [2 69 70 11] [73 74] [84 92 93] [4 10 12] [13 14 20] 23 [25 27] [31 32 35] 40 43 [46 47] 48 [49 50] [51 54 55] 57 [65 66] [68 71 77] [78 83 85 86] [87 94]
m23 :  [90 14] [29 63 46] 5 61 7 64 71 10 [11 13] [15 45] [41 47 75] 83 [76 70] 57 24 43 [20 56 8 84 33 32] 38 [36 80 39 89] 21 [42 50] [48 49 94 52] 53 [54 18 81] 19 66 [0 60] [40 67] [92 34] [85 72 73] 74 51 [37 79] [22 86] [93 35 1 2] [3 4 6 9 12 16] [17 23] 25 26 [27 28 30 31] [44 55 58 59 62] 65 [68 69 77 78] 82 87 [88 91]
m24 :  [0 10 93 3] [66 5] 6 [8 64 29 12] [87 61 67 49 17 18] [70 83] 21 [38 23 41] 16 [26 27 73 42] 30 [91 40] [33 34 1] [82 37] 44 [94 48 45] 63 [74 51] [19 4] 71 31 [57 15] 59 60 43 78 84 28 69 72 65 [76 79] [80 75 53] [86 39] 88 77 7 2 [9 11 13 14] [20 22 24 25] 32 35 36 46 [47 50] [52 54 55] 56 [58 62] 68 81 [85 89] [90 92]
m25 :  51 1 2 [3 24 72 69] [31 83 52] [61 84] 12 13 14 15 0 [17 18 19 20 94] [63 88 87 25 26 27] 28 46 32 8 34 [38 36 37] 39 [40 48 68 64 43] [57 93] 35 [67 56] 58 6 79 74 65 [71 73 75 92] 78 85 [80 76 91] 4 5 [7 9] 10 11 16 21 22 [23 29 30] [33 41] [42 44] [45 47 49 50 53 54] 55 59 60 [62 66] [70 77 81] [82 86] 89 90
m26 :  24 1 [2 54] 4 5 6 [0 8 27] [46 17 70 60] [35 15 16] [32 72] 75 43 [88 80 76] 26 [28 78] [30 3] [33 34] 36 [37 59] 39 48 [51 42 14] 45 47 [53 41 20 64 13] [62 21] 81 12 68 69 [71 73 18 29] [55 83 38 87 19 90] [91 74] [93 7] 9 10 [11 22 23] 25 [31 40 44 49 50 52] 56 57 [58 61] [63 65 66] [67 77 79 82] 84 85 86 [89 92] 94
m27 :  7 89 [2 0] [63 6 69 30] 9 45 [11 58] 76 14 [15 64] [79 18] [94 39] 21 [22 23] [24 57 26] [74 29] [56 81 33] [73 93 38 36 67] 42 [43 78 40 49] 50 [52 68 70] 51 90 61 59 28 88 46 [80 72 75] [1 92 82 44] [91 3] 4 5 8 10 [12 13] [16 17] 19 [20 25] [27 31] [32 34] 35 37 [41 47] 48 53 54 [55 60] [62 65 66 71] 77 83 84 85 86 87
m28 :  [0 33 50 51 46] [34 6] [7 44 9] 10 15 [12 80] 14 55 [69 18] 19 [39 86 22] 75 24 89 [93 29 37] [32 61] 56 36 [13 38 45] 84 67 [90 43] [79 48] [63 52] 5 73 71 64 74 72 [76 77] 78 81 [66 2] [85 87] [88 31] [1 47] 94 [3 4] [8 11] [16 17 20] [21 23] 25 26 27 28 [30 35] 40 41 42 49 53 [54 57] 58 [59 60] 62 [65 68 70 82] 83 91 92
m29 :  61 94 [77 3 4 5] 12 7 8 [9 10 26] [16 34] 23 39 [28 71] [19 45 44 22 42 2] [66 27 30 51 32] [70 6] 37 38 63 [43 84 49 93] 18 56 [53 41 11 80] [64 60 59] 14 [85 67] 68 [83 46 74] [76 90 79] [21 86 20] [73 91] [33 0] [1 13] [15 17 24 25] [29 31] 35 [36 40 47] [48 50 52 54] 55 [57 58] [62 65 69] [72 75] 78 [81 82 87] 88 [89 92]
m30 :  [0 34 14] 3 [46 5 6] 9 8 78 28 25 15 16 [80 18] [74 68] [87 64 54 61] 92 [27 47] [60 85 31 32] [35 1 37] 38 [39 48 41 42 81] [44 82] [10 83] [51 57] 73 56 55 19 [75 94 69 63] 65 [72 79] 77 26 58 [2 62 91] 13 4 [7 11 12] 17 [20 21] [22 23 24 29 30] 33 36 [40 43] [45 49 50] 52 53 59 66 67 [70 71 76 84] 86 88 89 90 93
m31 :  0 [1 2] 3 83 [51 6 36] [8 9] [10 30 12] 14 15 [16 17] [72 19 20] [40 45] [24 5] [64 27] [76 58] [32 34 35 37] 46 [88 42] 43 [78 47] [48 94 53] 54 55 [74 52 59 60 62] [85 65 68] [7 29 73 31] [79 26 81] [71 69 87] 91 93 4 [11 13 18 21] [22 23 25] 28 [33 38] [39 41] [44 49] 50 [56 57] 61 [63 66 67] 70 [75 77] 80 [82 84] [86 89] 90 92
m32 :  [82 1] 79 [61 48 5] [6 7 8] [9 10] 64 39 77 [45 78 17] 18 36 21 [2 24 85 11] 91 28 [29 30] [88 68] [33 34 35] [37 38 92] [42 20] 44 73 89 [50 51 52] [65 56 58 59 80] [62 63] [93 81 69] 70 71 72 74 75 90 22 [0 3] [4 12 13] [14 15] [16 19] 23 25 [26 27 31 32 40] 41 [43 46] 47 [49 53 54] 55 [57 60] [66 67] [76 83 84] 86 [87 94]
m33 :  [0 41 2 58] [4 5 36] 94 15 [76 61 72] [86 13] 14 16 18 19 33 [21 89] [73 24 75] [20 67 63] 29 [55 31] 32 10 [7 37 38] [39 40 42 56] [45 47] 48 [49 50] [54 80] 34 [60 64] [66 74] [69 82] [46 79 81] 83 71 [85 52] [88 90 1 92] 93 [3 6] [8 9] 11 [12 17] [22 23] [25 26 27 28 30] [35 43] 44 51 53 [57 59] [62 65 68 70 77] 78 [84 87] 91
m34 :  0 5 34 3 4 [26 7] [8 74 93 12] [63 90] [48 23] 18 [19 20] [21 94] 44 27 28 [72 30] [76 33] 35 43 [41 38] 39 40 71 42 [45 13 85] 59 51 69 [53 77] 83 [57 50 60] 61 [64 1] 66 [68 70 80] [75 6 82 84 73 87] [88 91 2 9] 10 11 14 15 [16 17] 22 24 25 29 [31 32] 36 37 [46 47] 49 52 54 55 56 [58 62 65 67] [78 79 81] [86 89 92]
m35 :  0 [31 65 3] [77 79] [6 60 8] [9 47] 33 83 13 14 15 91 [73 56 19] [38 52 22] [25 57] [78 28 29] [64 32 84] [34 35 63 48] [39 40] 41 [42 82] 5 [46 17] 81 69 53 [94 67] 24 [37 92] [68 71] 72 27 [74 75 80 85 51] 26 [93 1 2 4] 7 10 11 12 16 [18 20 21] 23 [30 36] [43 44] [45 49] [50 54] [55 58 59] [61 62] 66 [70 76] 86 [87 88] [89 90]
m36 :  0 [1 2] [7 51 5] [6 8] 83 [10 34] [41 14] 27 [16 17 36] 19 64 [21 23] [24 68 66 29] [30 15 32] 73 [35 94] 39 [40 42] [43 46] [45 47 48 26] 78 [62 55 75] [58 54] [59 18] [70 71 72] 74 76 [80 81] [11 84] 38 79 88 37 [12 93] [91 3 4] 9 13 [20 22] 25 [28 31] 33 [44 49] [50 52 53] [56 57 60] 61 63 65 67 [69 77] 82 85 [86 87] 89 [90 92]
m37 :  [52 1] [2 10] 38 [70 75 84] 42 37 [79 71 21 65 29] 16 15 [18 91] 9 [56 23 24] 13 [89 78 28] [30 31 74 33 88 43] [61 51] 92 34 17 44 [45 69 58 3] [49 72] [59 27] 90 [12 67] [64 63 5 46 7] 68 6 81 73 [82 80] [76 85 50 93 77] 0 4 8 11 [14 19 20] [22 25 26 32] 35 36 39 40 41 [47 48] 53 54 [55 57] 60 [62 66 83] 86 87 94
m38 :  0 [70 2] [65 47] [5 12] [7 72] 91 10 [11 43] [13 14] 15 [81 18] [48 63 80 22 24 46] 68 [27 29 60 33 34 52] 90 37 38 39 58 [41 42 76 45] [49 50 54 55 36] [32 61] 89 94 [31 56] 69 85 [71 83 75 79] 93 40 64 86 [87 1] 3 4 [6 8 9] 16 [17 19 20 21 23] [25 26] [28 30] 35 44 51 [53 57] 59 [62 66] [67 73 74 77] [78 82 84 88] 92
m39 :  0 [1 76 3] 19 5 [6 7] 8 10 12 37 [20 9 53] 34 [18 21 23] 15 [50 48 27] 28 [4 30] 31 32 33 [17 91] [44 38] 59 [40 41 42] [85 45] 71 [43 51 64 16] [93 66] 63 82 67 68 [70 72] 73 74 90 [78 55] 94 [83 88 87] 84 [2 11] [13 14] [22 24] 25 26 [29 35] [36 39] [46 47 49 52] [54 56] [57 58 60 61] 62 65 [69 75] 77 [79 80] 81 86 [89 92]
m40 :  83 [82 2] [3 27 25 13] [91 34 56 10] 15 47 [14 35 18 19] 63 5 [69 0 75 92] [78 29 32 9] [23 68 36] [37 38 60] 40 [41 48] 73 [45 61] 51 65 57 52 53 [54 70] 94 28 [50 80 64] [21 79 71] [93 72] [74 81] [7 85 1 87 26] 39 [4 6 8] [11 12 16] [17 20 22] 24 30 [31 33] 42 [43 44 46 49] [55 58] 59 [62 66] [67 76] 77 84 86 [88 89 90]
m41 :  [37 1 2] [3 70 5 6] 7 [8 11 29] [46 12 24] [59 16] [17 41 19 20 58] [64 13 52 26 27 90] 30 54 [33 34 36] [71 31] 53 [42 48] 45 [47 88] [51 68 73 84] [4 67 62 85] 66 35 69 74 [0 76] 14 [78 81] [82 79] 94 [32 40 43 9] [10 15] [18 21] 22 [23 25] 28 38 [39 44] 49 [50 55 56 57] [60 61] [63 65] 72 75 [77 80] 83 [86 87 89 91 92 93]
m42 :  65 1 [30 9 25 90] 61 [7 19] [31 70 33 51 22 50] 16 [28 18 5] 21 63 23 [45 37] 58 27 [29 80] [14 6] 38 20 [56 24] 40 64 [42 81 44] [76 47 43] [2 11] [59 34 10] [62 3] [67 93 92 68] 89 [75 84] 72 74 52 [77 78 79 82] 83 [88 91 94 0] 4 [8 12 13] [15 17 26 32] 35 [36 39 41 46 48] [49 53 54] 55 [57 60] [66 69 71] [73 85 86] 87
m43 :  0 [36 2 87 4] 5 6 [7 46] 49 [10 93 21 13] 14 [15 80] [79 18 63 84 52] 22 [58 24] [30 27 37] 29 [78 72] [32 33] [34 40 38] 39 [85 54 81 75] [44 45] [47 48 90] 51 [65 56 57] [76 60 61] 64 [67 42] 19 [74 70] [50 89] 86 1 [3 8 9] 11 12 16 17 [20 23 25] [26 28] [31 35 41] 43 53 [55 59 62] 66 [68 69] [71 73 77] [82 83] 88 [91 92] 94
m44 :  94 [42 22 3 64] 5 [59 88] 8 26 [48 70] [12 19 33] [15 16 17] 14 20 [21 57] [6 40 38] [28 0 30] 31 32 34 53 18 23 39 [10 63] [43 44] 45 46 91 [49 51 80] [71 74 41] 61 [65 83] [68 66 72] [73 75] [82 7] 84 [87 27] 67 [9 93 1] 2 4 [11 13] 24 25 [29 35 36] 37 47 50 52 [54 55] 56 [58 60 62] [69 76] [77 78 79 81] 85 [86 89] [90 92]
m45 :  0 [65 2 3] 33 31 15 [46 22] [9 10 90 12 13] [52 18 19] [14 72] 25 [26 85] [93 29] [4 68 70] 74 [35 47 37 38] 39 [40 41] 42 27 [6 45 48 51 17] 64 79 [54 69] [56 57 94] [8 63] 84 67 [71 73 28] 88 78 82 87 [75 92 1] [5 7 11] 16 20 21 23 24 [30 32] [34 36 43 44] [49 50 53 55 58] 59 60 [61 62 66] 76 77 80 81 [83 86] 89 91
m46 :  [0 1 2] 33 88 [5 7] 8 10 6 [12 36] [14 16 17] 78 19 [20 21 29] 81 [26 27] [32 30] [34 35] 37 [38 3] 40 [41 48] [43 87 51] 46 54 73 59 [66 44] 62 [58 61 25] 72 15 [92 68 71 74 76 11] [79 24] 83 84 89 [65 64] 4 [9 13] 18 [22 23 28 31 39] 42 45 [47 49 50 52] 53 [55 56 57] 60 63 [67 69 70] [75 77] [80 82] [85 86 90 91] [93 94]
m47 :  [69 1 2 75] 30 [5 6] 7 8 37 35 [11 49 46] 24 15 [45 0] [18 63 17] [89 22] 86 91 66 28 [29 38] [3 33] [34 74 14] 64 81 65 [44 79] 51 47 93 [82 67] [26 21] 80 [58 43 61 62] 72 56 [70 92 42] 73 [78 50 32] [84 53 54] [31 88 90 76 4 9] 10 [12 13] [16 19 20] [23 25 27 36 39 40] 41 48 [52 55] 57 [59 60] 68 [71 77 83 85 87] 94
m48 :  [0 77] [2 29 4] [5 40] [7 36 9 10] [63 12] 13 [14 15] 86 61 18 [8 45 22 81] 24 21 [37 68] 76 [32 33] 34 [75 38] 39 42 47 [48 49 50] [94 56 54 71 72] [52 64] [60 59] 65 [92 67 69] [46 73 85 80] 70 [79 66] 93 [43 88 89] [90 1] 3 6 [11 16 17 19] [20 23] 25 [26 27 28] 30 [31 35] 41 [44 51] 53 55 57 58 62 [74 78] [82 83] 84 87 91
m49 :  [0 71 2] 3 4 5 [44 7 8] [53 10] 33 [46 14 20 60 17] 18 [38 21 73] 65 39 [48 27] [80 30 88 64 63 34] 35 [37 45 40] 41 [42 43] [83 6] 32 [76 66] 82 [57 90 59] [61 75] [77 23 68 69] 26 [91 85] [86 1 22 93] 94 9 [11 12] [13 15 16] [19 24 25] 28 29 31 36 47 [49 50] [51 52] [54 55] [56 58] 62 [67 70 72 74] [78 79 81 84 87] [89 92]
m50 :  [0 79 35] [3 25 26] [18 52] 57 9 10 [58 63 13] [14 15] 74 27 94 88 [91 37 55] 28 12 2 [48 6 34 68 38] 39 41 [43 70] 51 [67 40 47] [49 93] [56 82 60 61] [71 64] [65 73] [69 72] [75 54 78 8] [81 83 19] 85 87 30 1 [4 5] 7 [11 16] 17 20 [21 22] [23 24] [29 31] 32 [33 36] [42 44] [45 46] 50 [53 59 62] [66 76] [77 80] 84 [86 89] [90 92]
m51 :  0 [1 2 3 4] 5 [6 16 8 33 10 59] 34 [87 14 71 24] [88 41] [74 26] 89 12 43 27 [15 29 30 31] 32 35 [36 37 38] 21 78 [48 81 66 90 11] 51 [80 54 17 28 25] [46 73 9 62] 20 [79 68] [70 72 75] [76 42 83] [94 7] [19 65 13 18] [22 23 39 40] 44 45 47 [49 50 52] [53 55] [56 57] 58 [60 61 63 64 67] 69 [77 82] [84 85] 86 [91 92] 93
m52 :  [0 1 30 94 41] 5 [6 7] [8 82 26 70 93] 9 42 [81 64 28 18 44] [20 63 22] [23 24 54 29 87] [67 2 33 34 35] 62 37 39 [86 43] 69 [90 46 61 51 49] 50 [52 53 47 72] [75 84] [58 88 91 65 31 45] [17 73 76] 78 79 80 92 [77 66] 11 89 [3 4 10 12 13 14] [15 16 19 21] 25 [27 32] 36 [38 40 48] [55 56 57] [59 60] [68 71] 74 83 85
m53 :  0 10 [2 72 4 5] 6 7 60 [58 61] [48 14] 37 [93 59] [38 71 77 45 13] 24 [74 87] 63 54 [29 81] 42 32 [33 49 39] [46 40 80] [44 47] [52 50] 27 75 [22 55] [56 53 90 34] [36 76] 31 67 70 [84 16] [78 79] [43 85 86 94 73 92] 1 3 [8 9 11] [12 15 17 18] 19 20 [21 23 25] [26 28] [30 35] 41 [51 57 62 64] [65 66 68 69] 82 [83 88 89] 91
m54 :  [22 27] [31 3 93 5] 94 [82 8 21 10 58] 19 7 [14 20 83] 41 [68 70 23] 76 52 [26 28] 49 30 [6 33] 34 [12 84] 38 [39 69 42] 43 [71 45] 74 18 [44 4 66 56] 57 [63 13 48 67] 61 [60 85 72] [73 53 64 86 79 80] 65 [90 87] 88 [89 59] [0 1] [2 9 11 15] [16 17 24] 25 29 32 [35 36] 37 [40 46 47 50] 51 54 [55 62 75] 77 78 [81 91 92]
m55 :  [78 55] [2 3 67 92] [6 23 8 83 10] [30 26] 13 [14 15] [17 25 19 56 51] 22 [48 87] 40 [27 28 57 50 79 63] [88 34] 35 [72 37] [38 41 65 85] 61 [46 47] 49 [43 52] 53 [73 68] [69 64] 60 75 71 94 [82 54 0] 90 [91 18 1 4 5] 7 9 11 12 [16 20 21] 24 [29 31] [32 33 36] 39 [42 44 45] [58 59 62 66 70] [74 76 77] [80 81 84] 86 89 93
m56 :  [0 1] [2 3 24 5] 6 [30 8] [29 21 48 71] [13 81 15 16] 17 [18 68 40 23] [4 93 27] 28 [74 79] [32 14] 34 [35 36 37] [38 46 41 42] [54 51 45] [19 78] [63 7 43] [22 58] [92 62 49 64] [89 83] 59 69 72 73 [76 11] [60 90] 9 [70 88 33] [53 10 12] [20 25 26] [31 39] 44 47 50 52 55 56 [57 61] 65 66 [67 75 77 80 82 84] [85 86 87] 91 94
m57 :  51 [42 2] 69 35 [5 6] 7 89 [9 32 72] [85 33 56] 23 [24 81] [18 19] [63 22 34 93 52 45] 29 30 [38 75] [67 79 64] [37 47] 66 [39 21] 14 58 1 [44 41] 92 [43 82 59 60 61 28] 68 [80 78 70] [15 73 74] [76 90 83] 50 53 [91 88 0 3] 4 8 [10 11 12 13] [16 17 20 25] 26 [27 31 36] 40 [46 48] [49 54] [55 57 62 65] 71 [77 84 86] 87 94
m58 :  10 1 [36 33 44] [64 90 7 8 70] [15 12] [13 14 16] 43 19 [52 24 71] [56 91] [47 32] [29 23] 0 [34 46] [38 75 72 74] 42 45 48 49 50 [51 39] [55 66 58] 11 87 [80 79] [22 85 82 61 65 69] 81 [92 94] [2 63] [5 54] [3 4 6 9] [17 18] [20 21] [25 26] 27 28 30 [31 35] 37 40 [41 53 57 59] 60 62 67 [68 73] [76 77 78] 83 84 [86 88] [89 93]
m59 :  [0 1 2] 3 [71 5] 6 76 8 74 [10 46 12] [20 14 15] [84 17 27] [19 22] 80 26 28 83 [30 31 58 33 34] 35 [37 38 40 82] 42 [43 44 45 48 49] 50 52 [90 55 64 57 59] [60 61 63 66] 85 68 [39 73 75] [18 93] [70 81 91] [51 21 4] [7 9] 11 13 [16 23 24 25] [29 32 36] [41 47 53] 54 56 [62 65] 67 69 72 77 78 79 [86 87 88] 89 [92 94]
m60 :  [34 61] 2 69 40 [9 6] 80 10 [57 20] 39 [14 15] 5 60 18 [19 16] [91 50] [48 35 26 27 63 75] [42 37 38 41 25 93] 44 [8 46 56 49] [74 51 85 53 31] 71 58 [67 54] [65 59 92] 68 28 72 73 81 [29 3 78] [79 82] [0 47 83 1 4] 7 [11 12] [13 17] 21 22 [23 24] [30 32] 33 [36 43 45] 52 55 [62 64] [66 70] [76 77] 84 [86 87 88] [89 90] 94
m61 :  [0 81] [2 3] 46 5 [6 8] [11 16] 88 14 [47 17] 18 [19 20 21] 33 [57 45 55 51] 28 29 30 [1 32] 34 35 36 [37 38 40] 41 42 [43 72 71 48] 64 25 54 93 [15 58] 83 23 [62 91] 68 [27 7] 70 [73 76 53] [84 4 74 75] [24 79] [26 9 10] [12 13] [22 31 39] 44 49 [50 52 56 59] [60 61 63] 65 [66 67 69] 77 [78 80] 82 [85 86] [87 89] [90 92] 94
m62 :  [11 1] [2 19] [52 5 37] 82 8 [9 72] [34 94 40] 15 [89 74] 18 62 [24 90 22] [23 80] [10 46] 51 [29 30] [31 7 33] 87 38 [88 63] 75 42 56 44 45 [47 50 49 59] 92 43 35 [67 61 64 3 70] 73 [81 79] 78 58 [54 28 6 17] 0 [4 12 13] [14 16] [20 21 25] 26 27 [32 36 39 41 48 53] 55 57 60 65 66 68 [69 71] [76 77] [83 84 85] [86 91] 93
m63 :  0 [1 2 93] [40 34] [6 7 56] 59 10 [82 12 13 14 94 16] 41 [80 87 53] [21 24] [38 61] [67 52] 49 [11 29] 42 [8 32] 33 78 36 [37 39 60 44 71 75] 47 [48 50 55] 54 89 [18 62 86] [35 70 90] 51 72 [74 76] [31 46] 81 64 [88 63] 43 92 [3 4] 5 9 15 [17 19] [20 22] 23 [25 26] [27 28] 30 45 57 [58 65 66 68] [69 73 77] [79 83] 84 85 91
m64 :  91 1 2 [3 4] [5 6] [8 9] 10 [88 12] [63 14 70 26 19] 85 21 [22 23] 45 60 27 80 50 [30 18 86] 33 [34 16] [40 28 71 41] [42 83] [44 38 49 51] [53 74 0 59] 93 [43 64] 66 [73 94] [37 76] [77 78] 82 [84 48] 57 [31 90] [7 11 13] [15 17] 20 24 25 [29 32 35] [36 39] [46 47] 52 [54 55 56 58 61] 62 [65 67] [68 69] 72 [75 79 81 87] 89 92
m65 :  73 1 [35 3] 64 57 [6 20] [56 40 10 2] [85 13] 14 15 [17 18] 19 [63 92 37 88 60] 25 [26 27] [48 29 21] [31 34] 33 82 38 [39 71 69] [22 79] [72 46 47 49] 45 51 68 83 70 [0 74 66] [81 91 23 78] [53 65 77] [52 41] [75 93 4 5 7] 8 [9 11] [12 16 24] [28 30] 32 [36 42 43 44 50] 54 [55 58] 59 [61 62 67 76] 80 [84 86] 87 89 [90 94]
m66 :  37 [1 2 3] [4 5 72] [8 10 21 12 7] 14 [43 16] 17 26 19 20 29 [22 35 88 48] [0 27 80] [30 38] [33 36 46 51 66 76] 44 [73 47] 49 18 [57 53] 54 [41 58 59 62] 64 78 [68 69 70 24 74] [75 9] 79 81 55 71 31 90 [32 93] [94 6] 11 [13 15] [23 25] 28 [34 39 40] 42 [45 50] 52 56 60 [61 63 65 67 77] [82 83] [84 85 86 87] 89 [91 92]
m67 :  0 1 [56 41 5] 6 7 73 9 10 [11 8 47 52] [16 17 18] 22 [3 23 38 49 74] 40 [30 34 53] [36 37] [82 63] 48 61 90 79 45 58 31 [50 51 67] [57 92 59] 33 [24 64] 89 91 21 68 [69 70] [77 72 81] 75 2 78 80 83 29 20 [54 88 42] [76 46] [4 12] [13 14 15] 19 25 26 27 28 [32 35] [39 43] [44 55 60] [62 65] [66 71] [84 85 86 87] 93 94
m68 :  [0 1 2 31] [22 5] 86 7 29 [79 10 12] 13 [14 47 16 71] [90 45 59] 48 [81 24 89] [40 93] [43 51 32] 33 [34 69 36 37 38 39] 58 [56 49] 50 55 [54 52 80] 63 21 [61 30 64] 94 [41 72] 17 19 60 [75 25] [73 76 84 46] 87 [88 3 4] [6 8] 9 11 15 [18 20] 23 [26 27 28] [35 42] [44 53] 57 62 [65 66] 67 [68 70 74] 77 78 82 83 85 [91 92]
m69 :  94 [3 34] [4 5] [19 27 8] 10 35 12 [85 14 61] 16 [7 18] [26 20 21 22] 23 [71 28] 52 [30 31] 1 [33 15 9] 68 [38 64] 40 42 44 70 59 [25 48] 49 [80 51 32 92] [75 57] [69 83 93] 63 66 [53 43] 72 74 [41 77 78 46] [84 37] [90 91 0] 2 [6 11 13] [17 24 29 36] 39 45 47 50 54 55 [56 58 60] [62 65] 67 73 [76 79] [81 82] [86 87] 88 89
m70 :  0 [51 2 3] [20 69] 85 17 [70 56] [25 19] [12 13] [14 15] [16 43] 35 18 8 22 39 [86 27 6 34] [48 31] [32 74 63] 58 37 38 [93 41] 42 [45 94] [46 5 52] [53 72 57] [76 60 71] [78 64] 65 [73 61 83 75 21 81] [79 80 82] 68 87 54 10 91 [1 4 7] [9 11] [23 24 26] [28 29] 30 33 [36 40 44] 47 [49 50 55 59 62] 66 67 77 [84 88 89] [90 92]
m71 :  [0 30 2] [3 4] 8 6 [7 9 10] 40 [43 34] 14 [33 16 48 24 19] [20 21] 46 54 [88 15 27 58] 81 [31 35] 36 [37 18 83] [55 29 50] 45 47 [78 79 51 85] 53 [93 71 59 60] [62 64] [12 41 70 68] [72 73] [74 75 76 11 5 1] [69 87] [66 90 13] 17 22 23 25 26 [28 32] [38 39 42] [44 49] [52 56 57] 61 [63 65] [67 77] [80 82 84] [86 89] 91 [92 94]
m72 :  90 [1 38 33] [12 5] [89 56] 8 9 10 11 13 68 35 [16 59] [64 19] 21 29 23 24 18 [17 75 34 30 20] [88 72] 70 37 58 [39 40] [66 42] 44 [45 46] 49 [94 50] 61 [52 65] 2 0 [69 81 63 53] [82 67 73 74] 80 [77 78] 79 [92 28] [51 26] [36 91 3 4 6] 7 [14 15] 22 25 27 31 32 41 [43 47 48 54 55] [57 60] [62 71] 76 83 [84 85 86] [87 93]
m73 :  [0 91 2 45] [94 5] 46 7 8 14 10 [33 61] [13 49] [85 29 18 44 43 80] 16 [83 24 75 71] 67 23 [73 31] [32 34 35] 36 48 [38 79] [40 50] [54 52] 76 [51 82] 55 56 59 58 [77 60] [63 72] 86 39 15 69 6 [12 81 84] 47 [87 88] [42 37] [1 3] [4 9] 11 17 [19 20] 21 22 25 26 [27 28] 30 [41 53 57] [62 64] 65 [66 68 70] [74 78 89] 90 [92 93]
m74 :  19 [1 27 3] 4 5 [94 28 8] [6 10] [32 12] [13 14] 71 85 7 [18 34 93 21] [59 26] 50 0 [38 30 31] [74 66 33 39] [40 23] 42 43 44 20 [45 68] [63 16] [83 61] [53 55] [57 46 60] [36 64] 65 [90 37] [73 67] [84 17] [15 82] 70 [88 77 51] 91 [48 2 9 11] [22 24 25 29] 35 41 47 49 [52 54] [56 58 62] [69 72 75 76 78 79] [80 81 86 87 89] 92
m75 :  47 [1 2] [3 38 80] 6 [68 87 10 31 14] [13 15] 21 17 [18 19 71] 25 [30 92] 27 [28 91 64] [81 53] 32 34 35 54 37 39 60 [58 43] [67 45] 73 75 [48 49 51] [82 74] [56 57] [69 94] [61 63] 72 70 79 83 7 [85 4 78] 22 23 0 5 [8 9 11] 12 16 20 24 26 29 [33 36 40] 41 42 44 46 50 52 55 59 [62 65] 66 76 [77 84 86] [88 89] 90 93
m76 :  [0 27] 2 1 7 5 6 [51 70] [81 46 12 33 14 69] 16 17 [18 19 20] 83 [75 24] [31 40 88 8] [48 3] 37 62 35 [36 21 34 32 30] [74 54 93] [41 47] [65 55] [49 29] 89 [58 60] 73 64 42 [67 68 71 72 76 25] 78 [79 80 87 38 94] [4 9] 10 [11 13] 15 [22 23 26 28 39 43] [44 45] [50 52 53] 56 57 59 61 [63 66 77] [82 84 85 86 90] [91 92]
m77 :  62 81 2 6 72 5 7 [20 9 83 11 36] 53 37 [39 18] [19 23 21 22 38] [78 46 32 28 29 82] [93 80 33] [51 69] 90 [67 42 61 45 64 47] 0 91 58 30 50 65 71 56 [79 75 73 44] 63 66 74 [88 24] 92 [76 70] [1 10 59] [89 3] [4 8] 12 13 [14 15] 16 17 25 26 [27 31 34] [35 40] [41 43 48 49 52] 54 55 [57 60 68 77 84] [85 86 87 94]
m78 :  [0 90 2 48 4] 5 6 [7 8] 14 10 [1 12] 13 [15 79] 60 18 [19 59 56] 85 [64 24 87] 53 [27 45] [29 58] 71 32 [33 34 50] 36 37 38 [43 86] [51 69 46] 47 49 94 [74 76 54] [93 75 11] 61 [80 9] 39 72 52 81 89 [63 88] 92 3 16 17 [20 21 22] [23 25 26 28 30] [31 35] 40 [41 42 44] [55 57] 62 65 [66 67] 68 70 [73 77] 78 [82 83 84] 91
m79 :  [53 1] [39 3] 4 5 6 [49 85 18 10 30 12] 67 [8 63 70 19] 20 83 [22 23] 44 27 [86 80 73] 33 34 41 68 [74 38] 71 42 [43 45] [75 48] 76 [21 51] 59 [55 46 17] [61 57 64] [77 66] 2 [31 14 82] 87 [88 69] [72 93] [94 0 7] [9 11] [13 15] [16 24 25 26] 28 [29 32] 35 [36 37 40 47] 50 52 54 [56 58] [60 62] [65 78] [79 81 84] [89 90 91] 92
m80 :  0 [27 2] [3 13] [5 6] [69 8] [37 47] 78 75 56 15 16 17 [14 19 20] [32 48] [71 58 25] 68 [61 74 67 36 34] 65 [38 39 40 41 31] [51 43 79 72 64] [35 94 88] [18 83 73] [60 54 63 93] [7 85] 70 [80 81] 82 87 44 10 92 [1 4 9] 11 [12 21] 22 23 [24 26 28 29] 30 [33 42 45] 46 49 [50 52] 53 55 57 [59 62 66] 76 77 84 [86 89] [90 91]
m81 :  [68 1] [2 33] [4 5 6] [7 8 9] [93 26] 32 78 15 16 19 18 20 [23 27] 61 [11 29 30 43] [69 35] [36 37] [38 74] [40 41] [72 59] 17 [88 24 55] [48 76 51 13] [53 25 52 54 46] 87 [62 64] [21 47 81] [71 73 66] 3 0 34 [14 89] [90 10 12] [22 28 31] [39 42 44] 45 49 [50 56] [57 58] 60 63 65 [67 70] 75 [77 79] [80 82] 83 [84 85] 86 91 [92 94]
m82 :  [0 61] 75 37 71 5 [92 80 9 56] [94 11] 22 7 [77 42 15 62] 18 29 21 45 [23 24 78 26] 44 30 33 [46 35 68 38] 39 69 47 43 [1 72] [6 50] 51 52 [90 85] [67 82 58 81 65] 73 [63 64 36] [66 49] 70 88 74 16 [79 8] [84 19] 41 89 [28 2] [3 4] [10 12] [13 14 17] 20 25 [27 31 32 34 40] 48 53 54 [55 57 59] 60 [76 83 86 87 91] 93
m83 :  [52 44 24 34 80] [5 79] [7 8 0] [10 6 48] [13 14 15 55] [63 19] [31 22 67] [4 32 58 46] [29 68 33] [35 36] 37 [38 39] 94 [41 71] 45 47 49 2 [51 76] [87 61 75 85 12] [81 64] 1 [50 89 65 69 70] 59 88 [18 56] [84 72] [90 92 60] 3 [9 11 16] [17 20 21] 23 [25 26 27 28] [30 40 42] [43 53 54 57 62] 66 73 [74 77] [78 82] [83 86 91 93]
m84 :  [68 7] 2 44 4 [42 6 8 9] 38 13 12 [49 14] 18 [17 19] [43 21] 22 23 [59 25 26 27 64 30] [82 34] [71 37 66 40 41 85] [45 46] [87 48 50 51 53] [57 1 10] 60 61 [83 90 67] 39 20 74 5 75 [84 94] [76 70] [81 73] 63 77 3 93 [0 11] 15 [16 24 28] 29 31 32 [33 35 36 47 52 54] [55 56 58] 62 65 69 [72 78] 79 [80 86] 88 [89 91 92]
m85 :  0 [1 2] [3 76] [82 6] 13 [8 39 18 25 91 14] 15 [67 17] 19 72 [34 94 5 40] 26 [63 28] 93 12 [81 32] [35 7 37 38] 61 [41 42] 31 [69 45] 47 [48 49 87 51] 79 53 [50 56 78 74] [66 64 85 68 57] 73 75 [23 80] 83 [44 22] [92 27] 4 [9 10] [11 16 20 21] [24 29 30 33] [36 43] [46 52] 54 [55 58] 59 [60 62] 65 [70 71] [77 84 86] [88 89] 90
m86 :  [72 1] 2 [46 83] 24 62 78 [8 73] 88 [11 21] 80 [14 37] 16 17 19 [47 26] 33 43 7 [30 76] 71 [93 27 59 35 36 55] [41 70] 42 [45 74] 48 64 68 51 25 [75 29] [9 6 58] [15 61 0 89] 66 [67 5 12] 38 [31 81] [54 20] 63 90 [91 85] [69 94 3 4] 10 13 [18 22] [23 28 32 34] [39 40] 44 [49 50 52 53] [56 57 60] [65 77 79 82] [84 86 87 92]
m87 :  76 1 2 [67 26] 5 [6 92 61] [9 10] [11 53 62 22 63] [16 78] 18 19 [65 64 24 91 81] 70 28 42 [30 31] [60 38 29] 89 56 72 [20 35 80] 44 45 [59 77] [34 50] [51 52 79] [37 58] 90 84 [3 47 75 73] 74 33 82 [85 88 46] [68 0 4] [7 8] 12 [13 14 15 17] [21 23] 25 [27 32 36 39 40 41] 43 48 49 [54 55] [57 66] 69 [71 83] [86 87 93] 94
m88 :  [80 50] 2 78 58 39 [43 7 8 65] [10 67 44] 13 [14 64] [47 86] 72 [36 17] [38 71 93] [24 79] [49 27] 84 29 73 [76 48 33] [34 69] [37 52] 74 45 46 [94 21 54] [56 81] 60 [61 88 63 75 5 0] [31 1 6] 87 [90 91] [92 32] [3 4] 9 11 12 [15 16 18] 19 [20 22] [23 25 26 28 30] 35 40 41 42 51 53 [55 57 59 62] 66 68 70 77 82 83 85 89
m89 :  3 [1 78] [4 5 6] 43 [71 53] 10 37 [12 34 14] [48 42 45 18] [19 20] [21 22] 23 30 [24 26] 27 28 7 32 33 [31 63] [39 41 59] 46 [61 93 83] 74 [68 51 40] [38 91 62 64 90] [44 70] 77 73 [66 65] 76 85 84 9 [17 2 57 92] [8 94 0 11] 13 [15 16 25] 29 [35 36] 47 49 [50 52 54] 55 56 58 [60 67 69] 72 [75 79 80] 81 82 86 87 [88 89]
m90 :  [61 85] 2 3 [6 31] 38 [82 94 9 10 91 12] [65 14] [15 58 17 18] 19 73 [41 23 75 25] 34 [27 28 74] 49 [45 79 30] 37 [39 40 78] [68 71 47 48] 13 43 [51 52] 69 54 56 57 72 [70 63 83] [67 35] [1 0] 29 93 [33 92] 4 5 7 [8 11 16] [20 21 22] [24 26 32] 36 42 44 [46 50] [53 55] 59 60 [62 64 66] [76 77 80 81] 84 [86 87 88] 89 90
m91 :  [0 1 2] 3 [71 5 54] 73 8 [9 29] 43 [75 40 14] 16 17 [88 46] 7 13 24 19 [27 57 30] [31 53 33] [34 35 68 37] 4 [51 55] [62 26 10] 45 [47 48 25 36] 20 [82 72] 59 60 83 [64 90] 66 [12 6] [70 81] 74 [78 79] 28 [84 93] [41 76 11] 15 [18 21 22] [23 32 38] 39 42 [44 49 50] 52 [56 58] [61 63] [65 67] [69 77 80] [85 86] 87 89 91 [92 94]
m92 :  [0 81 2] [64 74] [5 6 37 8] 9 10 11 [47 4] [24 82 16] [90 72] [77 33 21] [75 34] [1 94 89] 92 [29 30] 31 23 [38 44] 88 39 68 61 42 43 79 [45 51] 46 50 [58 52] 70 [78 62] [56 49 91] 63 [26 67] 69 [73 76 59] 80 [3 84 19] [36 93] [7 12] 13 14 15 17 18 20 22 [25 27] [28 32 35] [40 41] 48 53 [54 55] 57 60 [65 66] [71 83 85] 86 87
m93 :  0 83 2 3 [81 94 5 13 8] 46 [10 50] 29 14 [16 71 18] [19 12] 33 [84 73] 61 63 40 [72 49 37] [31 32] 90 43 36 24 [38 86] 55 41 88 [44 47 48] 75 [51 52] 80 39 74 56 [64 6] [89 65] [66 67 22] 45 92 54 34 [76 93] [27 7 87] [15 1] 4 [9 11 17] [20 21 23] 25 26 [28 30 35] 42 [53 57 58 59 60] 62 68 [69 70 77 78 79 82] 85 91
m94 :  [16 14 67 3 10] 5 6 49 [8 4] 30 [83 1] [42 48] 17 53 [19 20 21 23 26 27] [28 38] [31 66 33] 34 37 59 [40 41] 43 [46 82 7] [50 88 18 79] [71 57 74 63 64 65] 44 69 80 [12 76] 9 78 [94 51 70] 85 [39 2] [84 35] 0 [11 13] 15 [22 24] [25 29 32 36] [45 47 52] [54 55] [56 58 60] 61 62 68 [72 73 75 77 81] [86 87 89] [90 91 92] 93
m95 :  [64 43 2 48 50 16] 6 13 [20 57 38] [33 78 68] 15 8 [70 18 56 27] [22 65 83 25 26] 29 [67 75 44] [19 35 32] [94 40 79] [14 45] 80 [52 47] 49 [63 51] 39 [58 36] 60 61 [46 69 3 71] [72 74 73] 77 91 81 [82 59] 85 [37 41] 92 28 [0 1] 4 5 7 [9 10 11 12] 17 [21 23 24] 30 31 [34 42 53] [54 55 62] [66 76] 84 [86 87] [88 89 90] 93
m96 :  [0 1 2] 3 [48 5 51 17 8] 34 [7 4 32] 14 6 37 [18 19] [54 86] [23 24] [43 40] 27 [39 29 30] [76 64] [33 53] [35 36] 25 62 41 68 83 45 [46 16 12] [15 60] 84 78 20 [73 66 79] [69 70 71] [72 74] 75 42 93 81 [57 38 91 22 89] 88 [80 90] [59 26] 9 10 11 [13 21] 28 31 44 [47 49 50] [52 55 56] 58 [61 63] [65 67 77] 82 85 [87 92] 94
m97 :  [36 1] 89 [68 47] 92 [6 7 90] [9 10] 29 [52 3 76] [15 16 66] 18 19 22 24 [38 62] [34 27 28 30] 20 [33 75] 42 [11 78] 40 [14 63] [44 45 37 80 81] 23 51 50 31 32 [56 58 59] [61 64] 65 [5 82] 69 [70 72] 73 [79 60] 84 49 94 [46 93 88 0 2] 4 [8 12] [13 17 21] [25 26 35 39] [41 43 48 53] [54 55 57 67 71 74] 77 [83 85 86] [87 91]
m98 :  [0 74] 90 73 [4 48] [54 7 94] 55 10 19 88 80 [14 15] 24 [66 18] 93 [5 75 12 59 71] [6 27 29] [35 61] [46 33] 34 [36 38] [39 2 43 42 52] [44 45 47] 49 50 56 13 64 [76 40 72] [60 81] [63 1 92] [67 30] 69 79 41 22 [86 85 8] 78 [3 9 11 16 17] [20 21] 23 25 [26 28 31 32] [37 51] 53 57 [58 62 65] 68 [70 77] 82 83 [84 87] 89 91
m99 :  61 9 [41 3] [4 5] 6 [7 8 63] 10 56 33 [86 64 30 31 60] 27 [93 20 44] 22 [26 35] 83 [38 37 12 25] 34 53 52 [48 39 40] [66 42 43] [45 46 89] 80 19 28 [84 59] [57 85] [47 65 68 74 70] 71 72 75 76 [77 1] [90 21] [73 82] [23 0 91] [16 94] 2 [11 13] 14 [15 17] 18 24 [29 32 36] 49 50 51 [54 55] 58 [62 67] 69 78 [79 81] [87 88 92]
w0 :  76 90 [97 15 98] 25 [6 47] 31 9 [2 11] [12 10] 74 16 [17 40 34 20 22] [23 56] 30 52 27 [28 1] 66 32 44 78 [36 35] 71 [39 61 46 86 99] [93 8] 21 [49 82 55] [63 13] [57 64] [48 43 70] 94 80 0 67 58 [19 26] 92 [38 91] 84 [85 37 89 65] 42 [96 3] 4 5 [7 14] 18 [24 29] [33 41 45] [50 51 53 54] [59 60 62 68] 69 [72 73 75 77] 79 [81 83] 87 [88 95]
w1 :  0 [82 2 3 4 20] [98 17] [72 26] 89 11 [12 58] [51 13 41] [66 39 19 21] [87 27 24 25] [76 29 30] 97 [45 34 81] 79 [62 38] 52 42 [28 44] [47 77] [93 50] [73 60 55 16 63] [68 61 92] 35 [1 80] 36 86 74 [14 49 95 78] 57 [48 88 9] [91 85 56] [5 6 7 8] [10 15] 18 22 [23 31] 32 [33 37] 40 43 46 53 [54 59 64] [65 67] 69 70 [71 75 83] 84 90 94 [96 99]
w2 :  0 [1 3] [4 55 37] 7 [72 22] 52 [16 12] 18 [36 5 6] 9 [61 93 59] [45 24] [74 26 60 28] 99 [33 96 77] 38 [91 84] [95 81] [43 54] 48 [46 47 49 80] 10 [53 86 56 58] [40 62 65 66] 71 25 [87 76] [78 15 82] [83 85] [30 88] 89 [31 50 63] 2 [8 11] 13 [14 17 19] 20 21 [23 27] [29 32] [34 35] 39 [41 42 44] [51 57] 64 [67 68] [69 70] 73 75 79 [90 92] 94 97 98
w3 :  0 [1 50 3 88 57] [6 35 8] 97 58 12 [13 51 15 16 52] [25 20 36 22] [21 92] 37 26 80 [41 29 31] 32 [33 40] 64 46 [38 96 95 98 73] [54 11] 45 86 85 [10 49] 24 56 55 [14 60 19] [93 82 39 69 67] 68 70 [17 76 77] [79 90] 83 18 91 27 [66 2] 4 5 [7 9 23] [28 30 34] 42 [43 44 47 48 53] 59 61 [62 63] 65 [71 72] 74 75 [78 81 84 87 89] 94 99
w4 :  10 1 [22 49 4] [5 14] [16 44] 9 [75 70 43] 11 [32 17 57] [19 99] [21 53] 86 98 [26 54] 97 [13 50] 31 33 [68 45] [87 41 39] [3 64 52] 83 25 [56 79 74 59] [2 82 81] 63 [96 66] 48 [62 58 42] 71 95 [78 72 80] 77 [88 8 84 18 90 20] [27 7 69 0 6] 12 15 23 24 28 [29 30] 34 [35 36 37] [38 40] [46 47 51 55] 60 [61 65 67 73 76 85] 89 91 [92 93 94]
w5 :  0 1 44 [96 19 5] 50 46 8 82 12 38 25 13 [14 15] [67 43] 65 [11 71 21 22 62] [24 16] 31 [10 28] [70 35 32] [33 76 81] 54 39 [74 89] 58 45 47 20 [60 52] [9 26 97] 99 [59 90] 61 85 17 [75 41] [68 36] 92 [2 37] [73 30] [63 77] 95 [80 84] [86 51] 88 [94 3 4 6] 7 18 23 27 [29 34 40] 42 48 49 53 [55 56] [57 64] 66 [69 72 78 79] 83 87 91 93 98
w6 :  71 [1 2] [34 29] [10 6] [7 60 24 15 12 13] [5 75 62 18 48] 21 [80 27] 25 26 4 [28 46] 30 [31 84 79 78] 37 [56 39] 40 [41 51 44 87] 49 97 [42 11] 70 83 86 14 [22 90 50 92 65] 66 99 [64 17 69] 76 38 [55 77] [74 95 93] [73 91] 96 [94 0] 3 8 [9 16 19 20 23] [32 33] [35 36 43 45] 47 [52 53 54] 57 [58 59] [61 63] 67 68 [72 81 82] 85 88 89 98
w7 :  [98 46] [78 40] 25 [53 6 7] [8 38 71] [86 29] [14 56 67] 9 [18 19] 5 [87 22] 23 24 88 [11 68 49 58] [32 33 34 95] 69 [65 3] 54 43 41 42 [76 44 99] 70 [85 50] 64 [52 84] [61 62] [63 80] [83 48] 77 79 93 28 [72 94 2] [91 96] [73 0] [1 4] 10 [12 13 15] [16 17 20] [21 26] 27 [30 31] 35 36 37 [39 45 47] [51 55 57 59] [60 66] 74 [75 81 82] 89 90 92 97
w8 :  74 [13 2 3 18] [33 6 81 65 9 43] 26 51 [14 48 86 17 19] 21 22 [25 16] 77 29 50 [32 34 59 88] 45 [70 41] [42 55] 44 11 [99 47 76 84 35] 52 [64 90] 8 [57 68] [60 75] 62 [63 5] 66 72 [80 87 79 69 83] 39 78 37 92 40 95 [46 23 56] 0 1 [4 7 10] [12 15] 20 [24 27] 28 30 31 36 38 49 [53 54 58] [61 67] 71 [73 82] 85 89 91 93 [94 96] [97 98]
w9 :  43 [37 73] 3 [59 10] [96 46 55] [9 11] [57 13] 14 [15 22 70 64 76] [20 87] 19 62 26 25 [83 0 1 75] 31 32 98 [34 17] 50 95 [81 69 41] 44 91 47 [48 49] [97 52] 54 [56 23] 80 [42 65] 58 [7 93 28] 4 74 77 79 [21 24 6 90 99] [94 2] [5 8] 12 [16 18] [27 29] 30 33 35 36 38 [39 40 45] 51 53 60 [61 63] [66 67 68 71] [72 78 82 84] [85 86] 88 [89 92]
w10 :  [0 1 11] [83 28] 95 [6 40] [60 9] [19 12 41] 36 [90 42] 17 48 71 96 22 [44 24 78] [31 32] [92 2 30] 86 34 65 [38 39 21 66] [84 15 20] [49 26] 52 [91 16] [82 10 57] [88 61] 93 64 46 [55 51 5] [69 89] 35 [29 25 33] 98 7 74 56 [85 94] 27 [99 97 13] 3 [4 8] 14 18 23 37 43 45 47 50 53 [54 58] 59 62 [63 67 68 70] [72 73 75] 76 [77 79 80] 81 87
w11 :  0 [1 98] [97 4 2 91] [49 52 15 48 11 12] 13 [14 26 57] [16 74] 21 68 [63 5] 76 [37 41 30] [10 56 17 34] 46 19 [50 38] 69 42 96 47 45 78 85 20 53 55 [58 61] 60 [62 23] 40 [39 84 44] 94 [51 73 35 77 79] [93 86] 27 [89 72 88] [8 90 95 99] [3 6] [7 9] 18 [22 24 25 28 29] 31 [32 33 36] 43 54 [59 64 65] [66 67 70] 71 [75 80] [81 82] [83 87] 92
w12 :  0 [86 2] [3 4] 26 51 [7 99] [9 18] 56 [12 13 14 58] 16 [66 15] 21 [22 24] 95 83 [49 28] 41 38 [53 42] [33 68] 80 [36 71] [17 59] [40 91] 6 43 [75 45 1 47] 48 63 [50 52] 55 [93 60 61] 62 [84 46] 67 [23 65] 19 74 [85 88] 5 [20 77 96] 34 [37 35 98] 8 [10 11] [25 27 29] 30 31 [32 39] 44 [54 57] [64 69] [70 72] [73 76] [78 79] [81 82 87] [89 90] [92 94] 97
w13 :  [70 18] 8 3 [17 13] [6 52] [92 51 33] 12 [83 14 15 16 35] [49 67] 22 80 76 24 26 27 [71 44 62 32] 34 [19 36] [54 59] [41 11 88 46] [28 85 73 0] [68 56 57] [58 98 82] [30 87 64 90] [69 25 81] [50 2 1] 75 65 [40 61] [48 97] 95 [20 77] 74 4 [5 7] [9 10] [21 23] [29 31 37] [38 39] 42 43 45 [47 53 55] [60 63 66] [72 78] 79 84 86 89 91 93 94 96 99
w14 :  18 1 [63 3 93 58 50] [7 9] [10 11] [12 49 22] [19 17 88] 21 31 [24 82] [26 90] 84 [77 64 32 33] 54 14 [36 97] 28 39 [8 52 86 43 44 80] 59 [48 25 95 53 56] 57 75 61 [62 79 5] 67 [96 68 74] [72 78] 40 20 81 [42 92 23 37] 45 99 98 [0 2] [4 6] 13 15 [16 27 29 30] 34 [35 38 41 46 47] 51 [55 60] [65 66 69 70] 71 73 [76 83 85] [87 89 91 94]
w15 :  [0 1 68] [64 62] [75 12 65] [63 22] [11 20] 13 14 15 [89 39] 31 8 [43 41 53] [24 50] [86 28 97] [80 85] 32 33 61 35 [36 7] [38 55 74 77] 96 [44 45 46 71] [49 79] [25 67 91] 99 60 [73 59 56] [66 84] 69 21 47 5 57 [52 81] [90 23] [82 26 88] 48 [95 94 93] [2 3] 4 6 9 [10 16] 17 [18 19 27] [29 30] 34 [37 40] [42 51 54] 58 [70 72] 76 [78 83] [87 92] 98
w16 :  [68 1] 2 [72 4] [5 6 7 24 66] [10 11] 27 49 [39 17] 92 [79 21 36] 77 [16 25 26 46 29] [31 9] [62 45] [55 37] [87 38] 41 42 44 [51 50 59 58] [53 60 56] 95 75 15 61 80 [48 65 90] [69 78] [99 97] [33 98] 76 94 [54 8 18] 47 [86 22] [14 91] [96 40] [0 3 12] [13 19] [20 23 28] [30 32] 34 35 [43 52] [57 63 64 67 70] 71 [73 74] [81 82 83 84 85 88] 89 93
w17 :  [40 21 2 3 4] 13 6 7 8 86 49 [43 12] [14 51] [97 25] 95 19 [68 36] 22 [32 83] [78 88 72] [29 30 56] [46 35 66] 26 [85 39 52 41] [42 82 44] 79 [48 50 76] 53 34 98 [77 58] 96 [67 94 61 33 73] 60 70 [71 54 24] [63 47 87] [69 99] [65 91] [92 93] 18 23 [10 0] 1 [5 9 11 15 16 17] [20 27 28] 31 [37 38] 45 55 57 [59 62 64] 74 [75 80] 81 84 89 90
w18 :  0 9 2 [79 81 5 6] 1 [70 19] 14 [12 44] 35 [25 66] [17 18 46] [21 22 13] 26 10 [55 29 30 63 92] [84 78 37] 97 [61 31] [41 42] 43 [57 47 48] 99 72 [60 86 85] [51 59 4] [90 74] 24 [75 50] 68 93 87 [73 88 33 67 53] [52 96 15] 3 [7 8 11] [16 20 23 27 28 32] 34 36 [38 39] [40 45 49] 54 [56 58 62] 64 65 [69 71] 76 [77 80 82] 83 [89 91 94 95 98]
w19 :  73 91 84 [3 52] [21 95 74 8] 50 [59 11 12 13 14] 9 41 17 4 [15 20 26 98] [86 25] 88 29 [89 31 99] [38 87] [75 80] [44 82] 30 32 [64 55] [46 48] [94 53] 54 45 [58 68 60 62 37] 49 19 23 97 67 [34 69] [79 6] [66 81] [43 5] 90 [77 61 70] [1 93] [96 78] 0 2 7 [10 16] [18 22] [24 27] [28 33] [35 36 39 40 42] [47 51 56] [57 63 65 71] 72 76 [83 85] 92
w20 :  [17 1] 2 [80 74 21 6] [49 38] [9 10 12] [5 94] 65 16 [19 13 20] 85 71 61 97 37 [92 27 57 86 99] 95 11 34 [78 36] [15 39] [22 41] [42 44 66] 46 [59 96 82] [89 55 56] [64 87] [29 91] [0 63 76 90] [53 70 93 62] [32 18 48] 24 43 [83 88 98 3] 4 [7 8] [14 23] [25 26] 28 30 31 [33 35] 40 [45 47 50 51] [52 54] [58 60 67 68 69] 72 [73 75] [77 79] 81 84
w21 :  0 [1 2] 3 [13 20 6] 68 [61 10] [41 12 14 15] [16 17 40 19] [44 91 60] 63 24 [57 26 27] 97 30 [69 45 48 38] [84 99] 56 [34 5] 53 [94 46 47] [49 54] 86 [52 79] [55 58 72 21] [74 51] 66 [85 95 93] 4 98 [88 82 11] [73 39 9 77 76 7] [8 18 22 23 25 28] 29 31 [32 33] [35 36] [37 42 43 50 59] 62 [64 65 67] [70 71 75 78] [80 81] 83 [87 89] 90 [92 96]
w22 :  [63 1] 2 [3 74] [5 95 7] 36 [48 10 70 12 17] [51 49 16 83 18] [87 86 21] 99 23 [24 33 78] [60 22] [30 11] 84 [50 35] [37 40 58] 9 96 [43 45] [46 47 52] 53 [85 25 27] 71 77 34 [68 69 38 93] [82 76] 91 [97 80] 14 88 75 [89 94] [62 55 92] [0 4] 6 [8 13 15] [19 20 26] 28 29 31 32 [39 41 42 44] [54 56 57 59] [61 64 65] [66 67] [72 73] [79 81] [90 98]
w23 :  0 [1 25 13] [4 60 6 30] 82 [9 64 12 14] [15 16 17 70] [19 58 80] 22 10 49 [26 27] [62 97] [71 31] 33 18 40 68 [55 11 44 92] [46 28 34 32 50 3] [52 85 83] 98 56 [57 42] [24 54 73] 21 [69 39] 41 20 [76 90 96 95 72 37] [86 66] 93 [51 2] 5 [7 8 23 29 35] 36 38 43 [45 47] [48 53 59 61] 63 [65 67] 74 75 [77 78] [79 81] 84 [87 88 89] [91 94] 99
w24 :  [67 45] [2 21 52] 5 [63 7 8] [9 10 11 28] 93 [84 16 17 39] [19 20] [98 23] [50 68 26] 24 66 32 57 40 36 [83 72 61 42] [4 44] [59 48] 49 [29 53] [54 56] [18 62] [78 64] [60 90 82] 85 47 [86 1 75] [96 3 77] 79 80 [81 99 31] [88 22 87] 95 [97 0 6 12] 13 14 [15 25 27] 30 33 34 35 37 [38 41 43 46] [51 55] [58 65] [69 70] 71 73 [74 76] 89 91 [92 94]
w25 :  0 [73 2] [22 63 5 69 13 35] 18 [11 28 14 15] 16 [42 88 79] [41 21] [99 24 64] [26 89 59 76 98] [1 32 33] [82 36 90] 38 75 9 [61 45 81 47 84 52] 77 [95 39] 58 66 17 60 [96 49 67] [85 31] 68 [86 46 83 80 97 12] 54 93 94 3 [4 6] 7 [8 10 19] 20 23 25 [27 29 30 34 37 40] [43 44 48 50] 51 [53 55] [56 57 62] 65 [70 71 72 74] [78 87] 91 92
w26 :  [16 51] 2 21 [4 5 24] [7 96] 71 41 11 [70 13 14] 76 [58 37] [46 85 78] 29 25 [26 27 28 30 31] [87 98] [48 17] [15 38] 39 42 69 44 1 [47 49 40 54 55] 56 33 99 75 [60 80 63] 22 79 10 [77 73 88] 95 [9 83] 62 [23 86] [3 94] [91 61 0] 6 8 12 [18 19] [20 32 34] 35 36 [43 45 50] 52 53 57 59 [64 65] [66 67 68 72 74] 81 [82 84] [89 90 92 93 97]
w27 :  [0 32] [91 97] 58 [71 77] [7 8 39 59] [38 12] [13 14] 93 [22 18] 19 85 68 [23 24 6 15] 60 76 79 33 34 29 31 94 67 [47 25] 52 [42 43 44] 36 [46 96] 48 50 86 [87 61] 63 20 2 62 [78 69 28] [73 99 72] 70 35 80 [83 84 53] [57 41] 90 [92 95 98 4 1] [3 5] 9 10 [11 16 17 21] 26 27 30 37 40 [45 49 51] 54 [55 56 64] 65 [66 74 75 81] 82 [88 89]
w28 :  [0 10 2] [75 5 19] 72 9 [11 90] [13 14] [99 17 92] 18 46 [63 22 82] 66 43 26 81 [29 30 95 32 20] 35 [83 88 86] [87 41] [42 93] [25 48 69] [50 6] 52 53 [76 55] 67 38 33 60 [4 70] [78 65 84 74] 68 71 73 77 [59 12 34 57] 94 44 96 1 3 [7 8] 15 16 [21 23] 24 [27 28] 31 36 [37 39] 40 [45 47 49] 51 [54 56] 58 [61 62] [64 79] 80 85 [89 91 97] 98
w29 :  74 [41 44] [3 93 5] [6 90 29 9] 1 [31 14] [13 26 18] 17 47 [80 20] [21 22 68 10] 25 [87 79 67] 27 37 [59 34] [66 69] [38 95] 84 42 [91 81 46 48 49] 70 78 11 54 [32 63] 64 [60 57] 62 [65 51 85] 92 45 75 19 [77 82 7] [50 16] 56 [73 43] [52 99 0] 2 4 8 [12 15 23] [24 28 30 33 35] [36 39] [40 53] 55 [58 61 71 72] 76 [83 86] [88 89 94] [96 97] 98
w30 :  9 [1 2 61] 5 [6 90] 64 [20 98] 11 [12 13 48 76 84] 14 78 [93 22] [23 21] [86 26] [19 28] 81 15 94 [32 33 34] 85 [36 37 96] 39 40 [41 46 47 54] [10 65 53 62 55 56] [49 35 60 82] [63 97] [92 91] [67 16] 69 [89 71] 77 [73 17] 31 83 44 52 [95 27 99 0 3] [4 7] 8 [18 24] [25 29] 30 [38 42] [43 45 50] [51 57 58] 59 66 68 [70 72] [74 75] 79 [80 87 88]
w31 :  [0 1] 79 [50 97 5] 81 [25 28 49] [10 57] [12 20 30] [33 16] 66 45 19 [21 95] [76 24] [93 26] [27 9] [72 34] [87 59] 63 [11 51 94 41 42] [55 47] [68 78 85] [53 54] [13 56] [14 58] 60 61 [46 88] 6 [8 64 74 3] 98 73 82 52 [86 44 77 2] 4 7 [15 17 18] [22 23 29] 31 [32 35 36] 37 38 [39 40 43] [48 62 65 67] [69 70 71] 75 80 [83 84] [89 90] 91 92 96 99
w32 :  88 [1 2 3 4 5] 37 [7 0] 9 74 [72 6 14 34] [46 50 18 51] [96 48] 23 24 25 [26 79 65 94] [85 31] 90 33 63 83 [59 56 40] 41 84 [36 60] [80 47 53] [76 45] 89 [55 62 8] [58 77] 20 [10 71 68 15] [35 30 78 12 93 98] 99 [86 91] [43 54] [11 13] 16 [17 19 21] [22 27] 28 29 32 [38 39 42] 44 [49 52] 57 61 64 66 [67 69 70] [73 75] [81 82] [87 92 95] 97
w33 :  0 22 [3 4 40] 6 12 [36 98 14] 11 13 54 15 [16 17 18] 71 [20 68] 45 24 26 [27 48 92 31 33 35] 51 [58 90] [41 63] 50 [44 10] 46 [69 52] [88 73] [57 84] 79 [81 62] [49 76] [32 85 70 56] 74 83 91 [1 82] 5 [77 78] 95 96 97 28 [2 7 8] 9 19 21 23 25 [29 30 34] [37 38] [39 42] [43 47] [53 55] [59 60 61] 64 65 [66 67 72] [75 80] [86 87 89] 93 94 99
w34 :  [65 25] [66 23] 90 [5 93 7 44 9 10] 83 [48 96] 42 56 [95 17 82 19 20 21] [60 3] [15 26] [79 72 53] [55 31] 33 [68 51] 35 [36 6] [52 39] 78 [92 85] 12 45 29 57 49 [11 32] [54 13] 58 59 74 99 [67 86] [24 71 75] [77 16 80] 81 [73 88 98 14 1] 91 97 [0 2] [4 8 18] [22 27] 28 [30 34] 37 [38 40 41] [43 46 47] 50 [61 62] 63 [64 69] 70 [76 84] [87 89 94]
w35 :  0 1 46 27 57 5 [30 49] 71 89 92 11 32 38 14 99 65 [82 81] [42 51] 43 47 85 [24 60] 26 [8 13 96 97 31] [33 94 35] 36 [17 39] [75 41 84] 62 [69 63] 61 [55 72 88 59 80 73] [16 77 52] 58 [98 86 79 2 90] 70 [44 95] 67 20 3 [4 6] [7 9 10 12] [15 18] 19 [21 22 23] 25 28 [29 34] 37 40 45 48 50 53 [54 56] 64 [66 68 74] [76 78 83 87 91] 93
w36 :  [90 1] [2 61 4] 5 [6 26] [33 73 10] [21 47] 80 14 [15 16 17] 28 67 3 56 39 97 25 [92 29] 31 68 [35 50 62] [37 40 41 42] [44 38] [46 87 48] [49 23] [51 84 94] 83 45 7 [55 13 12] 69 65 [27 22] [60 43 36] [75 24 76 77 78] [58 30 91 95 86] [96 99] [0 8] [9 11] [18 19] 20 32 [34 52 53] 54 57 59 [63 64 66] [70 71] [72 74 79] 81 [82 85] 88 [89 93] 98
w37 :  99 [55 18 80 24] [95 14] 7 [8 83 78 11] 29 6 [32 60] [45 89 19] 25 58 23 53 61 [10 82 41] 64 34 77 69 [37 90] [40 94 44] [42 33] [46 98 22 50] [47 52 79 54] 31 [30 71] [67 93] [63 51 85 62 70] [76 86] 73 68 [15 92 72] 35 [39 56] 27 91 [96 13] 0 1 [2 3 4 5 9] [12 16] 17 [20 21 26] 28 [36 38 43 48] [49 57] [59 65 66 74] 75 81 [84 87 88] 97
w38 :  [0 63 2 35] [36 5 32] 76 [78 9] [10 11 92] [13 14 85 17 59] 19 [50 73 22] 24 25 [44 41 91 18 28 70] [51 3] [37 53] 49 [27 42 43 99] [87 48 55] 52 88 86 57 [31 60] 39 79 [74 23] 65 30 71 [81 26] [33 77 46 47] [90 68 84 62 69] 93 [95 96 7] [75 1] 4 6 [8 12 15 16] 20 [21 29 34] [38 40 45] [54 56 58 61 64] [66 67 72] [80 82 83] 89 [94 97] 98
w39 :  [94 46] [59 3 55] 5 [6 7 95] 9 68 11 62 [14 44] 86 17 89 58 [20 31 43 23 19] 25 [26 37 90] 29 [81 70] [74 53] 50 47 38 93 79 80 34 45 49 65 52 [32 2] [60 63 66 75 99] 69 [71 10] 87 77 [82 83] 85 [91 56 64] [61 41] 96 97 73 [21 0] 1 4 [8 12] 13 15 [16 18] [22 24] [27 28 30] 33 35 [36 39] [40 42] 48 [51 54] 57 [67 72] [76 78] 84 [88 92] 98
w40 :  84 1 [2 89] [71 85 94] [12 15] [9 10] 92 [25 70] 5 96 [17 93] [20 22 32 23 24 95] 27 [29 50] [30 31 33 34 55 36] 40 11 [42 37 78] 6 [53 83] [49 63] [44 57] [61 4] 86 64 [47 66 67] [45 39] [98 76] 18 [99 38] [62 90] [81 26] 82 [41 19] 91 46 21 [97 65 0 3] 7 8 13 14 16 [28 35] [43 48] [51 52 54 56] 58 [59 60] [68 69] [72 73 74 75] [77 79 80 87] 88
w41 :  [0 21 2 94] [78 1] [6 69] 74 [9 77] [51 12] [13 14 54 73] [17 99 19] 47 41 [23 45] [32 26] 93 39 [30 33 5] [42 63 55] 98 86 20 [24 46 4 82] 50 52 [44 81 85] [58 3 61] [56 62] [87 38 68 11 25] 76 [79 80 16] [90 88 95] [91 60] 57 97 27 7 8 10 15 18 [22 28 29 31] 34 35 36 [37 40 43 48 49 53] [59 64 65] 66 [67 70] 71 72 75 [83 84] [89 92 96]
w42 :  [91 1 2] [3 4] [80 10] 7 [61 93] 99 [6 71] 30 14 [43 94] [53 18 90 20 58] 22 [59 26] 25 97 [77 12] [36 40 33] 34 50 37 62 46 [51 65] [84 89] 48 49 [52 54 55] 69 31 96 [76 63 17 86] [5 0] 74 15 24 [66 83] [95 85] [88 45] 68 41 8 [9 11 13] 16 19 [21 23 27 28 29 32] [35 38 39 42 44 47] 56 [57 60 64] 67 [70 72] 73 75 78 [79 81] [82 87] 92 98
w43 :  0 83 13 3 58 43 6 [27 96 9 76] 11 15 14 17 [18 52] 20 21 [22 89] 24 25 [80 34 16] 31 19 33 35 [73 41 91] [12 57 68] 44 [88 46 85 69 26 50] [51 70 7 54 66] [56 92 49] [60 98 90] [40 36 79] [71 81 48 82] 1 [64 61 86 4] [8 23 10 97] 95 2 5 [28 29 30] [32 37 38 39] 42 45 [47 53 55] [59 62] [63 65 67] [72 74] [75 77 78 84] 87 [93 94 99]
w44 :  [34 1 88 3] 86 80 [7 8 75 16] [48 83] 47 14 [17 18] [19 20] 21 [45 23] [24 25] [31 15] [64 40 56] 11 [91 39] 44 67 [82 26] 94 42 13 49 50 [54 52 53 22 90] [33 72] [60 78] [81 93] [97 46] [32 12 95] [69 63] [38 77 84] 5 [58 68] 51 [96 57] 98 [99 0] 2 [4 6 9] 10 [27 28] 29 30 [35 36] 37 [41 43 55 59] [61 62] 65 [66 70] [71 73] 74 [76 79 85] [87 89] 92
w45 :  [60 73] 2 [35 21 5] 59 0 81 82 9 [11 32 42 15 16 49] 77 [23 89] [96 86 41] [24 68 80] 72 71 70 [88 31] [13 58 36 69] 38 39 [99 33 43] [45 46 63] 40 [65 75] 52 28 55 56 [19 47] 61 [8 78] [1 67] 51 85 [30 53] 97 74 12 66 22 [93 84 90] 50 [87 62] [3 4 6] [7 10 14] [17 18] [20 25] [26 27 29 34] 37 44 [48 54 57] [64 76] 79 [83 91 92] 94 95 98
w46 :  31 [1 2] 57 [4 5] [77 7] 9 10 [79 56] 13 14 15 16 17 [18 33] [19 21] [22 23 24] [25 26 27 29 30 81] 8 [38 36 96] [75 41 44 78] [80 46 95 48] 51 [52 40] 71 83 [88 60] [84 42 69 76] 50 [90 47] [86 49] 39 [92 37] 93 87 98 99 0 3 [6 11 12 20] 28 [32 34] 35 [43 45 53] [54 55] 58 59 61 [62 63 64] 65 66 [67 68 70] [72 73 74 82 85] [89 91] [94 97]
w47 :  [86 78] 79 [58 18] [61 6] 7 [8 47 73 25 12 13] 14 [41 36 94 19] 22 51 23 [24 60 68 77] 40 [29 50] 33 34 [35 5] 3 85 42 [43 76 10 46 62] [67 72] 95 [53 91] 55 [28 63] [93 82 66] 2 70 71 48 32 80 [83 21] [87 56 49 52] 92 [4 44 0] 1 9 11 15 16 [17 20] 26 [27 30] [31 37] [38 39] [45 54 57] 59 64 65 [69 74] 75 81 84 88 89 90 96 97 [98 99]
w48 :  [0 12 2] 76 70 [14 6] 43 48 9 10 [35 59 99 22 54 78] 18 19 [21 33 42] [24 25] [26 81 29] 74 66 32 34 68 [52 20 41] 79 [57 46 72] [50 51] [47 63 55] 61 17 60 94 62 [13 93 65 30] [86 90] 87 44 [75 36] 88 83 84 [3 23 11] 92 [5 71 31 1 4 7] 8 15 16 27 [28 37] 38 39 40 [45 49 53] 56 58 64 67 [69 73 77] [80 82 85] 89 [91 95 96 97] 98
w49 :  7 1 [23 3 83] [5 47 69] [9 10] [11 34] [26 56] [17 18 66] [79 21] 22 63 [91 87] [55 64] [29 74] 31 32 [14 60] [85 49 37 38 2 44] 41 42 [45 25] 96 46 [48 50 39 13] 62 [20 90 52] [51 43] [84 33 97 36] [65 80] 73 75 [77 68] [59 95 78] 94 [70 92] 93 [98 99 0 4] [6 8 12] 15 [16 19] [24 27] [28 30] 35 [40 53 54] [57 58 61] 67 71 [72 76] [81 82] [86 88] 89
w50 :  81 1 2 [76 5] [93 6] 12 13 66 [10 11] [40 16 82] [17 61 19 20 21] 22 71 [25 63 27] 28 [29 31] [36 34] 35 37 [95 39 86 41] 91 4 49 9 50 23 52 53 55 [56 96] [67 43] 94 [89 65 78] 98 26 [92 57] 7 [88 97 32 83] [42 84] 30 90 38 0 3 8 [14 15] [18 24] [33 44 45] [46 47] [48 51 54 58 59] [60 62 64] [68 69] 70 72 73 74 75 77 [79 80] 85 [87 99]
w51 :  0 [1 2 3 79 5 6] [37 21] 17 30 [11 12 56 14 52] 47 62 26 [19 20] [57 76 32] [27 10 90] 95 [33 54 43] [94 58] 38 [40 41 77 44] 61 [25 42 49 51] 53 55 72 82 [63 8] [64 93 85] 74 71 [16 84 86] [98 13] [73 50] [68 97 81 4 7] [9 15] 18 [22 23] [24 28] [29 31 34 35] 36 39 45 [46 48] [59 60] 65 [66 67] 69 [70 75 78] 80 83 87 88 89 [91 92] 96 99
w52 :  [0 1] 99 80 [4 5 6 7 50] [10 26] 12 [16 68 18] [74 46] [43 3] 21 [85 23 24] [25 48 22] 28 [30 9] [93 59 35 36 37] [38 86] [40 77] 56 45 52 47 [53 51] [2 54 91 58] 14 63 15 [61 88 69] 98 [71 31] [44 76] 78 [83 64 41 96 89] 70 84 13 8 11 17 [19 20] 27 [29 32] [33 34 39 42] 49 [55 57] 60 [62 65] [66 67 72 73] [75 79] [81 82] [87 90 92 94] [95 97]
w53 :  [0 1 57 3 36] 22 [6 72] [81 58] 5 [11 12 13 24 15] [16 17 18 19] 20 55 10 [26 60] 87 38 31 [54 34] 56 [82 44 8 40 32] 43 [50 46] 48 [41 49] [83 51] 52 [85 69] 95 [92 9 84 74 14 71] [70 73 64 75] 90 53 80 [86 68 91 30 25] [97 27 2 4 7] [21 23 28] 29 [33 35] [37 39 42 45 47] [59 61 62] 63 65 [66 67 76 77] [78 79] 88 [89 93 94 96] [98 99]
w54 :  43 1 21 [3 9 5 80 75] [78 25 10 83] 82 50 [17 19] 16 [66 13 23 18] [26 95] 52 [76 58 31 32 88] 61 [72 36] [39 67] 40 65 [53 57 45] 46 [47 48 90 56] [7 55 28] [11 71 63 12 79 74] 54 89 [33 81] 15 [8 77] [68 20 44 85 86] 96 22 93 51 42 [97 98] 99 [0 2] [4 6] 14 24 27 29 30 34 [35 37 38] [41 49 59 60] [62 64 69 70] 73 84 87 [91 92 94]
w55 :  0 [61 94 15] [74 97] [29 7] 8 [69 42] 11 90 13 [2 47] [17 33] 40 [1 59] 22 35 [75 46] [26 99 28 60 31] [85 66 58] [36 38 24 9] [16 43] 44 45 63 [30 88] 83 [21 32 52 93 82] 53 [65 67 77] [73 14 55 56 84 86] 89 [41 68] [79 92] [81 96 3 95 39] 4 5 [6 10 12] 18 19 20 23 [25 27] 34 [37 48] 49 50 51 54 [57 62 64] 70 [71 72] [76 78] [80 87 91 98]
w56 :  17 [1 2 40 4] [5 41] [7 49 9] 10 [11 92] [13 15 56 14] [58 70 29 21 79] 24 [26 27 18 76 31] 12 [57 35] [96 37] [38 39] 77 42 71 [44 45] 46 48 95 [61 51] 99 73 [8 55 16] 6 [23 97 81 69] [78 86 67 87 30 75] [80 53] 47 [83 85 66 25 91 62] 94 [0 3] 19 [20 22 28] [32 33] [34 36 43] [50 52] 54 [59 60] 63 64 [65 68 72] 74 82 [84 88] [89 90] [93 98]
w57 :  [0 4 50] [83 9] 6 7 [8 98 87] 29 [73 78] [14 74 1 76] 52 [85 5] [60 22] [23 24] [2 34] 64 [95 48] [32 79 58 97] 42 [43 12] 41 45 [44 96] [46 67] 49 [51 90] 71 31 72 18 59 [62 99 68 91] [70 80] 25 30 77 [69 82 36 93] 28 55 [3 65 94] 66 [63 10] 11 [13 15 16] 17 [19 20 21] 26 [27 33] [35 37 38] [39 40] 47 53 54 [56 57] 61 75 81 [84 86] 88 [89 92]
w58 :  0 47 [2 57 68 5 6 13] 61 9 [10 19] [22 14 44] [15 17 18] 20 52 [42 73 84] [25 33] 93 32 [50 54 41 43 30] [35 36] [60 48 77 74] [45 46] 59 24 [3 31 55 64] 88 [95 62 87] [65 71 69] [70 75 53 76] 78 [72 81] 97 83 92 [21 90 99] 79 [26 1] [4 7 8 11] 12 [16 23 27] [28 29] [34 37 38] [39 40] 49 51 56 58 [63 66 67] 80 82 [85 86 89] [91 94 96] 98
w59 :  [26 1] [82 44] [71 87 95] 7 [94 21 70] 11 13 [14 56] 47 37 72 31 20 41 23 8 [25 49] 32 [91 29 55 81] [42 38 78 83] [79 75 46] 48 50 51 [52 9 62 66 59] 60 [74 22 58] 68 36 3 73 76 [77 63 80 0] [84 34 54 90 6] 53 96 17 10 2 4 [5 12] 15 16 [18 19 24 27] 28 [30 33] 35 39 40 [43 45] 57 [61 64] 65 67 [69 85] 86 [88 89 92 93 97 98] 99
w60 :  15 1 12 4 [92 36] 6 [8 26] [96 11] 90 85 18 32 [16 17 71] [19 20 21 94 23] [24 47 88 82 28] [29 93] [39 63] 34 35 [86 37 38 40 41] [42 43 67] [98 83] [2 13] 53 46 [55 56 66 45] [33 61] 31 [22 69] 91 [30 78 58 76] 99 3 [9 59 49 97 95] [0 5] [7 10] 14 [25 27 44] 48 [50 51] 52 [54 57] 60 [62 64] 65 [68 70] [72 73 74] 75 77 79 [80 81] [84 87] 89
w61 :  [0 1] 55 [3 25] 5 [16 7 2 45 11 57] 14 [82 63 60 19] 20 [21 33] 73 74 85 26 27 51 30 [52 32 79] 58 84 [42 56] [72 54 37] [44 53] [39 48] [49 50] 29 [93 91 68 43] 66 [69 10] [81 13 47] 78 41 [76 86] [97 88] [61 94] 95 [99 4 6 8] 9 12 15 [17 18 22] 23 24 28 [31 34 35] [36 38 40] [46 59] 62 64 [65 67 70] [71 75] [77 80 83 87 89 90] [92 96] 98
w62 :  18 [1 2] 3 4 78 9 [7 37 5 12] 80 [13 14] 89 [16 17] [45 58 43 21] 95 24 [53 83] 62 0 [20 30] 51 [15 33] [63 36 69 57 40] 41 [22 46 47] [96 86] [93 52 54 67 49] [60 94 82] 38 [65 71] [34 56] 97 [74 76 77] 55 [99 8] 84 85 48 [88 26 81 91] 10 50 [6 11 19] 23 [25 27 28 29] 31 32 35 39 42 [44 59 61] [64 66 68] 70 72 [73 75] 79 87 90 92 98
w63 :  0 [1 84 6 4 74 68] [8 93 55] 11 [12 13 14 95] [16 82 18] 83 [20 69] [78 24] 25 75 17 [22 32] [33 35 36 76 67] [90 70] [73 44] [64 38 91] 49 50 51 52 43 54 [56 57 15] 45 [86 40 53] 60 66 26 71 [80 58 88] [79 48] [98 94 3] 21 85 [23 96 2] 5 7 9 10 19 27 28 29 [30 31 34 37] [39 41 42 46 47] [59 61] [62 63 65] 72 77 81 [87 89 92] [97 99]
w64 :  86 1 79 [3 40] 7 12 49 [8 83 53] [11 66 74] [57 16] [17 18 19] 82 45 [15 23 24] 25 [26 88 33] [10 31] [32 56 75 36 2] [99 42 69] [70 44 90] 48 50 52 [98 55 78] [59 93] [61 4] 20 [68 43] 39 47 72 [63 77 21] [80 84] 85 [5 58 95 96] [9 97 54 0] 6 13 14 22 [27 28] [29 30 34] [35 37] 38 41 [46 51] 60 62 64 [65 67 71] [73 76] 81 [87 89] 91 [92 94]
w65 :  [31 96 2 89] [40 5] 71 82 8 [9 20] 11 [60 13 45 59] [16 17] [22 98] [69 21] [41 24 46] 66 6 28 [53 76] 32 [33 63] [38 39] [30 65 43 77] 47 [70 49 50] [86 88] [85 4 99 7] 81 61 [42 90 56] [67 44] [95 84 58 75] 93 [10 79] [1 36 62] [54 26] [94 73] 97 [0 3] 12 [14 15] [18 19] 23 25 27 29 34 [35 37] 48 [51 52] [55 57 64 68 72] [74 78 80] 83 87 91 92
w66 :  [12 13] 2 19 [4 44 6 7] [10 9] 65 58 40 [14 15] [16 17] [97 93] [5 21] 22 [49 24 25 26] [29 36] [31 99 74] [56 38] [39 41] 75 [86 46] [47 48 92] 76 [51 30 1 55] 78 59 [60 37] [27 8 98] 79 90 96 95 94 [34 77] [80 42 84 71 32 57] [87 53 0 3] 11 [18 20 23] 28 33 [35 43 45 50 52] 54 61 [62 63] 64 66 67 [68 69 70 72 73 81] [82 83 85 88] [89 91]
w67 :  [0 76] [2 94 4] 63 [6 7] [8 88 49] 52 43 [13 14] 72 [73 79 18 19] 36 93 22 23 [24 78 56] 5 95 29 [84 32 42 10] 53 [54 12 60 59] 50 91 46 [62 48 40 96 25] 80 61 [70 87 69] 67 [47 64 82] 83 [92 41] 85 86 65 11 58 44 [77 97] 98 34 [1 3] [9 15] 16 17 [20 21] [26 27 28 30 31] 33 35 37 [38 39 45] [51 55] [57 66 68] 71 [74 75] [81 89] 90 99
w68 :  3 1 [2 14] [4 5 6 55] 43 [60 68] 9 [13 70] [10 0 17 18] [75 79] 74 [99 66] [24 35] 52 42 [20 29 65] [12 32 33 53] 37 [89 19 41] 44 45 [46 47 50] 22 [49 91] 59 [93 92 78] 88 [25 71] 72 [57 77 76] 81 96 83 16 [86 87] 90 67 [95 15] 7 8 11 [21 23 26] [27 28 30] [31 34 36] 38 39 [40 48] 51 [54 56 58] 61 [62 63] 64 [69 73 80] 82 84 85 [94 97] 98
w69 :  [0 49 14] [37 62 5] 90 7 75 [9 68 11] [39 25 99] 55 17 [21 81] [23 48 26] [73 61] 63 31 45 76 50 [60 91] 38 29 20 42 87 44 [59 46] 47 70 [19 1] 53 [96 56] [57 97 12 64] 41 [69 82] [10 77] [74 79 78 80] [95 3 35 32 93] 52 2 4 6 [8 13 15] [16 18 22 24 27 28] [30 33 34] 36 40 [43 51] 54 [58 65] [66 67 71 72 83] [84 85 86] 88 89 [92 94 98]
w70 :  [26 1] [95 75] [0 71 34] [46 73] 9 10 [11 92] 13 50 [15 16] 17 [94 19 20] 21 [22 83 24] 25 35 [27 37] [29 5 90] 63 [36 61 39] 40 [98 44] 45 23 38 [82 89 49] 43 [55 6 32] [30 65] [66 78] 70 52 59 [86 48] [2 97] [85 41 91] 93 [42 96 12] [3 4 7] 8 [14 18 28 31 33] 47 51 53 54 56 57 [58 60 62] 64 [67 68] [69 72 74] 76 77 [79 80] 81 [84 87] 88 99
w71 :  [0 14 2 3] 27 74 [10 53] [87 9 11] [12 13] [5 16] [98 42 19 21 18 23] [24 25 86 96] 26 [30 32 78] [34 50 6] 44 [54 66 41] 45 [89 47 48] 72 57 [52 20] [51 55] [56 68] [58 81 61] [77 73 84 95 1] 8 85 79 [93 76 80] [49 15] [94 59] 91 38 63 82 4 [7 17] 22 [28 29] [31 33 35 36 37] 39 [40 43] 46 [60 62 64] [65 67 69 70] 71 [75 83] [88 90 92] [97 99]
w72 :  0 [1 2] 3 36 33 82 51 50 [10 40 71] 45 [52 12] 88 62 [48 92 20 80] 84 66 24 [55 96] 49 [35 98] [37 25] [87 34 56] [81 61] 68 [86 77 46 47 43] [14 93 53] 54 [63 70] [58 59] [60 7] [90 65 5 22 8 18] [83 74] 78 [64 72] [76 79] 91 [26 99] 38 23 [4 6] 9 11 13 [15 16] [17 19] 21 27 28 [29 30] [31 32] [39 41] 42 [44 57 67] 69 73 [75 85 89 94] 95 97
w73 :  0 1 [98 3] [83 21 6] [47 8 20] [50 11] 92 [13 24] 15 [16 17 18] 19 27 [22 55 44 73] 26 71 [64 68] [49 32 34] 35 [66 70] [56 40] 41 [12 46] [43 52] 51 [74 54] [37 39 36] [79 69 76] [80 75] [45 33 60 82] 95 [72 67] 86 38 5 [90 14 30] [2 4] [7 9] 10 23 [25 28 29] 31 [42 48 53 57] 58 59 [61 62] [63 65] 77 [78 81 84] [85 87 88] [89 91] 93 [94 96 97] 99
w74 :  85 [86 2] [3 16] [5 40] 7 [1 9] 83 [45 18] 54 [70 28 17 19] 20 [21 82 26 94] 93 77 [57 31 32] 98 [42 64] 59 [36 44 78] [47 48 25 50 52] 33 96 58 [63 71] 61 [12 87 39 72] 97 [75 23] 49 [10 81] 53 68 [8 90 88] [69 56] [95 99 0 4] 6 [11 13 14 15] [22 24] [27 29 30] 34 35 37 38 [41 43] 46 [51 55] [60 62] 65 66 67 [73 74 76] [79 80] [84 89] 91 92
w75 :  0 [1 2] [26 98] [5 17] 93 8 [9 35] 11 14 [67 85 16] 32 [22 71 58 46] 6 [73 94 64 38] 31 [63 39] 36 13 61 97 [50 43] 44 45 [99 49] [59 86] [52 7 29 24 56] [28 96 82 65 69 72] [88 33] 75 [81 77 21] 42 [80 60] [84 89 90] 53 55 [34 3] [4 10] 12 15 [18 19 20] 23 [25 27 30] 37 [40 41 47 48] 51 [54 57 62 66 68 70] 74 [76 78] 79 83 [87 91] 92 95
w76 :  [22 1 27] [53 4] 5 [78 7] 58 93 10 11 [77 13] [14 15] 47 17 18 [51 21 23] 25 26 [86 38] [29 30] [31 6 33] [98 36] 39 [99 41 42 44 46 48] 73 69 [60 87 16] 90 71 56 [66 76] 55 49 [57 96 94 75 80] [72 12] 85 [95 45 24 91 92] [97 0 2 3] 8 [9 19] 20 28 [32 34 35 37 40] 43 50 [52 54] 59 61 62 [63 64] 65 67 68 70 [74 79] 81 [82 83] [84 88] 89
w77 :  82 [31 2] 80 [4 62] [6 67 8 23] [97 40 99] 52 [14 55] 92 90 [18 19] 46 [69 42 63] 44 25 [59 13 35 51] 94 93 33 [34 98] 89 45 61 41 [39 29] [50 24 70 22 49] 1 79 [54 66] [88 7] [73 95] [64 48 76] 72 85 77 [78 32] 83 [68 86] 17 91 96 0 [3 5] [9 10] [11 12] [15 16 20] 21 26 27 28 [30 36 37] [38 43] [47 53 56] [57 58] 60 [65 71] 74 [75 81 84] 87
w78 :  [3 60 2 68 37 5] [6 17 54] [9 30 92] [13 22 8] 57 [70 18] [59 20 21] [43 25 26] [33 29 10] 32 34 [55 90] [44 27] 99 61 41 [42 45] 47 [14 58] 78 52 [77 72] 35 62 87 [15 65] 36 48 [75 46] [73 74] 79 76 80 [81 19 24 88 39] [84 98 53 0] [1 4] 7 [11 12] [16 23] [28 31] 38 40 49 [50 51 56 63 64] 66 67 69 71 [82 83 85] [86 89] [91 93] 94 [95 96 97]
w79 :  53 1 65 [3 84 5] [95 68] 9 10 [11 60 13] [14 94] [92 17] 76 [32 70 62 29] [96 30 25] [26 77 18 87] 21 [31 40 34] 4 [58 37 38] 16 [41 44] [79 46 48 81 50 45] 52 [78 56 80 99] [59 72] 63 91 [71 88 73 74 75 64] 55 24 23 [90 93] [12 20] 7 [0 2 6] [8 15 19 22 27] 28 33 35 [36 39] 42 [43 47] 49 [51 54 57] 61 66 67 69 [82 83 85] 86 89 97 98
w80 :  [40 1] [56 84] 47 [5 6] 43 [89 9] 10 [11 12 23] 53 [15 16 17] 20 21 [22 65 55 30 27 57] 29 50 31 32 [2 39] [61 19 38 41] 42 66 44 [46 94 51] 82 [95 37] 48 90 80 [63 86 97] [71 49 78] [34 75 36 74] [98 85 92 24 81] [93 13 96 99 0 3] 4 [7 8 14 18] 25 26 [28 33 35] 45 52 [54 58 59] [60 62] [64 67] [68 69] 70 72 [73 76 77] 79 [83 87 88 91]
w81 :  0 81 [2 55] 56 3 [25 84 93 51 77 11] [12 14] 6 16 [17 68] 19 [20 21] [94 24] [53 27] 73 52 [30 43 49] 4 99 [9 26] 90 [29 95] 41 [63 69] 44 [45 5 47] 57 76 50 42 [58 91 60] [86 74 10] 61 [1 97] [48 72] 80 [82 40 79 62 85] 13 32 54 38 [71 15] [98 39] 7 [8 18] [22 23] [28 31] 33 34 35 36 37 46 59 [64 65] 66 67 70 [75 78] 83 [87 88 89] 92 96
w82 :  [0 1 26 3] 85 86 [52 7 61 58] [99 12 40] 2 [15 18] [78 46 74 21] 51 [4 24] 76 96 [28 67 31] [38 34 43 36] [37 79 6 20 97] [45 47 48] [49 53] 54 [71 68 59 77 83] 62 63 9 69 93 [88 35 5 10] 29 80 [98 84 73] [41 91] [55 87] 60 8 [11 13 14 16] 17 [19 22 23] 25 [27 30 32 33] [39 42] 44 50 56 57 [64 65] [66 70 72 75 81 82] [89 90] 92 94 95
w83 :  0 1 70 [3 12 66] 6 [8 10 77] [15 11 13 69 44] [17 18 20 68] [40 22 84] 24 25 [64 21 82] 52 [4 31 46 90 34] [35 16 37] [38 53] 33 [49 79] 14 50 [51 73 56] [83 55] 26 67 [91 92 60 58] [71 95] [96 80 76] 85 36 75 93 43 81 [27 32] 86 72 [2 5 7] [9 19] 23 28 [29 30 39 41] 42 45 [47 48] 54 57 [59 61] [62 63 65] 74 78 87 [88 89 94] 97 98 99
w84 :  [20 1 79 26 59 5] 39 [7 75] [9 10 25 24] [14 98 16] [17 18 23] 21 22 [84 68 6 45] 72 [71 31] [32 33] 90 4 [11 70 13 48 50 42] 47 [44 49 67] [52 19 8] [86 57 82 61] [74 58] 93 3 64 [54 73] [27 78 63 36] [81 53 83 87] [95 2] 51 [96 97] 56 [99 0] [12 15 28 29] 30 34 35 [37 38 40 41] [43 46 55] 60 62 [65 66 69 76 77] 80 85 [88 89] 91 [92 94]
w85 :  0 [36 2] [74 6] 67 80 7 71 9 [50 11] 60 13 14 39 16 26 [47 81 32] [21 96] [41 24 98] 5 [69 89] [90 31] [46 51] 35 99 [63 38 70] [42 43 44] 49 1 [55 61 77] [58 59] 62 [84 22 82] 66 [68 97] 25 [73 75] 86 88 [45 17 85] 33 [93 94] [64 3] 4 8 10 [12 15] 18 [19 20 23] [27 28] 29 [30 34] 37 40 [48 52] [53 54 56 57 65 72] [76 78] 79 [83 87 91] 92 95
w86 :  94 1 [25 78] [4 5 49 7] 98 [43 26] 27 [95 13] [14 16 41] 17 31 [46 21] [10 23] 51 77 28 [29 39 87] [90 35 36] 37 [38 40] 76 44 45 47 48 [50 6 73] [69 56] [57 2] [61 32] 62 60 [55 96] [72 99] 70 [86 65 52] [75 92 80] [9 18] 53 [68 84 91] 24 [93 0 3] [8 11 12] [15 19 20] 22 [30 33 34] [42 54 58] 59 [63 64] [66 67] 71 [74 79] [81 82 83 85 88] [89 97]
w87 :  95 19 [23 83 4 42] 6 44 8 82 [52 54] 12 13 14 96 67 39 [18 47 33 22] 24 25 5 87 [28 29] [30 72 32] 58 [34 35 2 81 90] [40 77 43] 79 [31 46] 68 [48 49] 50 91 76 51 85 [66 41 62 63] 69 65 [59 73] 71 7 [78 99 37] 93 [86 0] 1 [3 9 10] [11 15] 16 17 [20 21] [26 27] [36 38 45 53 55] [56 57 60 61] 64 70 [74 75] [80 84] 88 [89 92 94] [97 98]
w88 :  17 59 [2 4] [5 99 63] [25 22] [11 6] 60 [14 78] 68 33 18 [19 62] [21 41 77] 87 67 [26 29] [20 16] [32 74] 35 90 [76 70 56 64 42 43] 44 84 [46 47 45] [50 88] 52 [53 55 83] [23 9] 75 [57 92] [69 71 79 81] [96 30] [0 72 36 39] 37 [95 80] 1 3 7 [8 10 12 13] [15 24] [27 28] [31 34 38] 40 [48 49] [51 54] [58 61] 65 [66 73 82] [85 86] [89 91 93] [94 97] 98
w89 :  0 1 [91 3] 7 [5 6] [40 9] [10 11] [57 13] [14 36 31 19] 20 [21 47] [23 60] 25 26 18 [35 29] [73 32 34] 58 56 [17 95] 46 50 49 98 [87 45 48] [75 51] 90 [53 68] 61 62 [63 64 78] [70 92] [74 79] 80 [85 77] 99 81 76 [83 12 22 37 44 84] [82 2 4] [8 15] 16 [24 27] [28 30] [33 38] 39 41 [42 43 52] 54 55 59 65 [66 67] [69 71] 72 [86 88] [89 93] 94 96 97
w90 :  40 [1 2] [60 5] 6 47 98 [9 10] 11 [12 13 17] 15 [49 19] 20 [41 94] 23 [25 71] [51 27 86 32 43] [34 30] [36 37] 82 66 39 46 [44 38 50] 16 [31 64] 55 [56 85] [96 76 61] 48 63 74 [42 83] 92 [57 81 35 84] [78 24] [22 90] [53 99 70 91 93] 95 97 0 [3 4] [7 8 14] 18 [21 26 28] [29 33] [45 52 54 58] 59 [62 65] [67 68 69 72] [73 75] [77 79] 80 87 [88 89]
w91 :  [0 68 20] 76 [93 5] [1 50] 12 98 [14 11] 19 2 [57 17] 84 86 [21 3 38 95 26] 27 13 [63 44] [62 81] 74 48 [46 45] [15 72] 41 [42 40] 16 85 [47 29] 49 [51 52 53] [54 55] 56 [58 61 25 99] [9 28 73] 67 78 [94 30 60 88] 89 90 91 87 97 23 [4 6] [7 8] 10 18 [22 24] [31 32 33 34] [35 36] [37 39 43] [59 64 65 66] [69 70] 71 75 [77 79] 80 [82 83 92] 96
w92 :  [88 1] [74 3] [4 24] 77 [85 53] 9 [7 94] [12 52 60 45 16] 96 48 [33 20] [21 66 15] [35 26] 13 [55 32] [67 31] 63 34 [36 37] 2 [65 40] [41 43 76] [46 80 49] [18 84] [54 58 0] 59 [57 83] 71 5 [23 82 72] [98 56 91] [51 25 86 92 95] [89 73] 10 64 93 [28 99] [69 6 8] 11 [14 17 19] 22 [27 29] 30 [38 39 42] 44 47 50 [61 62 68 70] 75 [78 79 81] 87 90 97
w93 :  0 [1 40] [3 96 90] 6 57 81 33 15 11 12 13 14 16 17 [18 19 92 54] 95 20 73 [25 45 93 69] 64 31 24 35 [36 38 84] [41 60] 10 98 [49 50] 51 [66 56 46] [58 44 47] [4 85 82] 70 [71 75 43 83 32] 65 [79 37 21 76] [34 88 8 52] [68 22] [2 5] 7 [9 23 26] 27 28 [29 30 39 42 48] [53 55 59 61] [62 63] 67 [72 74 77] [78 80] 86 87 [89 91 94] 97 99
w94 :  [45 1 19] [39 26 86] [79 7 8] 9 10 [5 33 2] [3 17 54] [49 52 18 23] [24 88 66] [93 0] [31 32] 50 58 [34 28] 75 [77 42 90] [44 80] [48 97] 53 11 [56 57 64] 78 [61 21] [63 68] [70 71] 72 16 [74 37] [82 95 83 51] [59 84 99] 96 [98 4] 6 12 13 [14 15] [20 22 25 27] [29 30 35] [36 38] 40 [41 43 46 47 55] [60 62 65 67] [69 73] 76 [81 85] [87 89 91 92 94]
