m0 :  [0 13 2 3 69] [5 6] 53 68 [73 17] [11 39 15] [14 18 10 25] [21 22 35] [77 37 27 28] 29 78 [31 72 33] 34 55 [48 40 75 66] [44 86] [46 91 89] 50 9 52 85 [56 76] [59 60] 62 63 64 [41 94] 70 [93 38] 81 88 [83 26] 92 [1 4] 7 8 12 [16 19 20 23 24 30] 32 36 -42 -43 -45 -47 -49 -51 -54 -57 -58 -61 -65 -67 -71 -74 -79 -80 -82 -84 -87 -90
m1 :  [0 67 2 78 4 18] 76 7 [8 54 10] 30 [65 13] 35 15 50 89 [19 45 31 55 90 24] [25 27 34 29] 63 [77 37 38 88 72 42] [51 59 85] [75 48] [52 14] [84 36 60] [33 86] 20 64 [66 68] [69 28] 58 81 80 [46 53 91 92 93 9] [1 3 5 6 11] 12 [16 17] [21 22] 23 26 [32 39 40] [41 43 44 47 49] 56 57 61 62 70 71 -73 -74 -79 -82 -83 -87 -94
m2 :  41 [1 66 3] 42 5 91 71 44 [0 2 30 13] 14 15 16 17 [89 84] [79 75] [22 34] [25 26 27] 28 [29 47] [11 36] [33 35] 37 [74 39 12] [76 45] 62 [82 92 51 24 53] [54 80] 56 [90 81] 73 63 [69 77 78 68] 43 64 [4 50] [67 6] 7 [8 9] [10 18 19 20] 21 [23 31] [32 38 40] -46 -48 -49 -52 -55 -57 -58 -59 -60 -61 -65 -70 -72 -83 -85 -86 -87 -88 -93 -94
m3 :  0 [1 7 3 61 5] [85 8] 9 2 17 49 14 [15 18] 47 22 [82 24] [25 26 90] 16 [29 43] 31 64 [34 35] 37 39 [38 41 68] [45 46 77 50] [52 58 84 56] [59 67 62] 65 92 27 [71 72] [69 74] 66 91 75 79 [80 81 78] [87 89] [21 4] 6 [10 11 12 13] 19 [20 23 28 30 32 33] [36 40] [42 44] [48 51 53] [54 55] [57 60] -63 -70 -73 -76 -83 -86 -88 -93 -94
m4 :  [39 20] [2 3 56 51] [7 90] [83 10 54 28] [13 62] 15 16 88 [65 19] [48 77 22] 23 [41 61 89 24] 29 30 64 12 45 [35 36] 8 [38 85] 68 60 [43 44] [92 47] [49 50] 5 53 [87 55] 94 [69 31] [79 73] [17 67 11] [74 63] 75 [84 18 14] 82 [91 81] 76 0 1 4 [6 9 21] [25 26 27] [32 33] 34 [37 40] 42 46 [52 57] [58 59] [66 70 71] -72 -78 -80 -86 -93
m5 :  [0 1 48] 3 39 [5 6 64] [8 9] [78 11] [86 13] 14 [15 74] 37 18 [68 51] [22 65 24] 70 [26 27] [28 36 59 23 33 34] 35 72 [92 40] 19 [44 55 77 94 82 53] [56 63] [58 61] [62 41] 85 73 [10 29] [76 84] [81 83 66 93 60] [2 4 7] 12 16 [17 20] [21 25] [30 31 32 38] [42 43 45 46] 47 [49 50 52] [54 57] [67 69] 71 75 [79 80] 87 [88 89] 90 -91
m6 :  37 [66 54] 83 [67 47] [6 7 27] 26 77 73 28 [13 14] 15 [16 60] [50 34 72] 12 18 [23 45 59 29] [81 2 32] [33 35] 36 38 [63 89 80 42] [43 91 31 9] 74 [19 52] 84 [51 17] 58 [46 44] 64 65 [68 88 70 20] [30 85] 76 [4 92 55] [25 53 90 78 75] [0 1 3 5 8 10] 11 21 [22 24 39 40 41] [48 49 56] 57 61 -62 -69 -71 -79 -82 -86 -87 -93 -94
m7 :  0 94 2 66 4 [5 81 9] [59 91] 10 [82 69 13 14 15 16] [36 80] [19 72] 54 22 [23 24] [45 26] 27 [28 64] 17 [62 33] [34 35 37] [74 41 42 75] [84 47] 48 [51 29] [55 77] [61 71 93 30] 67 68 [73 76 78] [39 85] [86 92] [70 1 3] 6 7 8 11 [12 18] [20 21 25] 31 [32 38 40 43] [44 46] -49 -50 -52 -53 -56 -57 -58 -60 -63 -65 -79 -83 -87 -88 -89 -90
m8 :  [0 1] 2 [3 41 5 31 62 13] 9 [10 57 22] [39 14 7 59] 54 [18 20 38] [25 66] [91 77] [29 12] 15 [33 17] 56 [36 37 46 40] [47 34 45] 48 49 [69 83] 52 64 [68 61 81] 65 [24 92 70 71] 72 73 [74 80] 16 82 [84 67] [89 8 4] 6 11 [19 21] -23 -26 -27 -28 -30 -32 -35 -42 -43 -44 -50 -51 -53 -55 -58 -60 -63 -75 -76 -78 -79 -85 -86 -87 -88 -90 -93 -94
m9 :  [88 64] 2 54 [4 48] [8 23] [51 49 12 13 29 15] [16 17] [69 19] 20 [79 36 83] 68 28 30 [56 22] 44 35 38 5 [40 41 18] 43 50 45 [53 91 89 52] [57 84 59 85 60] 62 81 [75 90] 7 67 61 [26 76] 77 78 [11 86 87] [58 0 1 3] [6 9] [10 14] [21 24] [25 27 31 32 33 34] 37 39 42 46 47 [55 63] 65 -66 -70 -71 -72 -73 -74 -80 -82 -92 -93 -94
m10 :  0 [1 44] 3 [4 77] [6 61] [8 9] 12 [93 91] [13 14] 15 [81 18] 48 85 41 22 90 [63 28] 29 5 31 32 33 34 [35 36] [37 20] 39 [40 76] [46 74] [49 52 70] [83 55 57 51] 59 [60 62 64] [27 30] [68 19] 72 [73 75 56] [78 24 84] [86 67] 92 [94 2 7 10 11] [16 17 21] 23 [25 26] 38 [42 43 45 47 50] 53 54 [58 65] [66 69 71] [79 80] 82 -87 -88 -89
m11 :  [29 16] 33 23 4 [85 69] [7 54] [67 10] [35 13] [68 14 15 17 18] 19 58 21 [22 0 25 36 45] 28 [37 80] [38 63] [34 59 42] 57 20 41 73 [27 72 48] 49 [50 51] [52 2 55] [6 71 89] [60 76] [43 64 65] 90 70 92 [77 81] 82 [30 40 78 88] 91 [26 94 1] 3 [5 8] 9 11 12 24 [31 32] [39 44] -46 -47 -53 -56 -61 -62 -66 -74 -75 -79 -83 -84 -86 -87 -93
m12 :  [0 41] [2 3] 66 5 7 34 [45 76 42] [33 13] 14 [37 17] [79 36] 22 [23 24] [25 4] [27 28] [55 16] [94 92 21 39] 1 [10 91] [56 51 9] [81 84 48 69 67 47] 64 [78 59] [54 61] 68 85 71 49 [73 19] 77 [82 20 87 86 75 90] 6 [8 11] 12 [15 18 26 29 30] [31 32 35] 38 40 -43 -44 -46 -50 -52 -53 -57 -58 -60 -62 -63 -65 -70 -72 -74 -80 -83 -88 -89 -93
m13 :  0 [1 2 3] 4 [5 74] 7 [91 9 68 64] 45 [13 14] [15 18 87] 22 21 [84 24] [25 82] [27 81 29 28 31 46] 35 57 [37 38] [39 26] [52 43 75 47] 89 [73 8 92 55 54] [58 59] 60 [61 62 79] [65 40] 71 [17 56] [85 67] 86 88 32 6 10 11 12 16 [19 20] 23 [30 33] [34 36 41 42] 44 [48 49] [50 51] -53 -63 -66 -69 -70 -72 -76 -77 -78 -80 -83 -90 -93 -94
m14 :  [0 20 36 3 4] 5 84 [7 8 14] [63 19 12] 13 [60 15 88] [45 29] [76 23] 11 26 69 85 48 30 [62 64 33 35] [53 38 54] 91 [83 79 75 43 94] 47 49 [50 51 52] 55 56 [10 6] [18 77 65] 41 [67 68 40] [90 92 58] [61 89 86] 87 [81 1 2] 9 16 -17 -21 -22 -24 -25 -27 -28 -31 -32 -34 -37 -39 -42 -44 -46 -57 -59 -66 -70 -71 -72 -73 -74 -78 -80 -82 -93
m15 :  [0 92 2] 3 [41 91 6] [88 84 9 68] 94 61 13 [14 74] [81 18 31] [56 21] 63 39 [76 27] 26 28 [16 25] 78 [57 35] [36 48 42] 40 [64 58 44] 85 [46 47 49] [15 51 52] 53 65 [55 59] 60 62 [29 93] 34 72 [77 79] [37 22] [83 70 86] [1 12] [4 5] 7 8 10 11 17 19 [20 23 24 30] [32 33] -38 -43 -45 -50 -54 -66 -67 -69 -71 -73 -75 -80 -82 -87 -89 -90
m16 :  [0 60 15] 18 89 [66 29] 7 47 9 [10 28] [16 37 26] 65 17 19 59 [52 33] [13 55] 25 [77 27] 68 31 [58 34] [35 36] 38 [54 41] 76 67 [72 42 53] 48 88 51 [4 70 63] 64 [90 80 85] [71 73 82 78 81 84] 45 50 92 [57 1] [2 3] [5 6] [8 11] [12 14] [20 21] [22 23 24 30 32 39] 40 43 [44 46] -49 -56 -61 -62 -69 -74 -75 -79 -83 -86 -87 -91 -93 -94
m17 :  0 22 81 3 [4 5 41] [7 8] 37 [85 66] [67 47] [14 15] 70 19 [1 64] 33 [24 26 27] 91 35 76 [77 34 92 36] 39 40 [42 75] 44 45 [62 17 74 51 90 53] 55 [56 16 30 59 58] [61 94] 63 [93 69] 82 [43 73 80] [84 87 86 71 2] [6 9] 10 11 12 [13 18] -20 -21 -23 -25 -28 -29 -31 -32 -38 -46 -48 -49 -50 -52 -54 -57 -60 -65 -68 -72 -78 -79 -83 -88 -89
m18 :  [0 1 2 22] 36 5 [68 45] 72 9 10 16 51 13 [14 65 43] 92 [3 71 61] 59 [34 25] [17 84] [29 32 33] 85 91 [38 39 40 60] 74 46 47 [62 49] 64 [81 90] [54 55 56] [57 52] [66 69 73 75] 76 [37 78 80] [21 83 87] 44 89 35 [4 6 7 8] 11 12 15 [18 19] 20 23 [24 26 27 28] 30 31 [41 42] 48 [50 53 58] 63 [67 70] 77 -79 -82 -86 -88 -93 -94
m19 :  68 26 69 3 [4 15 85] [8 84] 45 [11 86 13 64 83] 28 [51 17] 19 [20 55 40 23] 9 77 56 [48 53] [50 31] 32 43 81 54 36 90 [38 39] [91 41 88 44 93 49] 52 87 [58 29] [61 62] 63 [67 47] 2 [94 1 33] 75 30 [12 79] 89 92 [0 5] 6 [7 10] 14 [16 18] [21 22 24 25] 27 [34 35] [37 42] [46 57] [59 60 65] 66 [70 71] 72 73 [74 76 78] -80 -82
m20 :  22 [1 2 3] [83 72] [6 49] 13 9 [65 73 14] [36 71 18] 19 48 [91 42 78] 25 40 [28 29] [39 31 46 33 24] 44 [37 67] 15 [70 63] 56 50 52 [94 90] [55 57 59] [5 34 21 35 77] [41 66 27 76] 92 79 81 53 85 93 [62 88 89] 0 4 7 8 10 [11 12 16] 17 20 [23 26] [30 32 38] 43 45 47 -51 -54 -58 -60 -61 -64 -68 -69 -74 -75 -80 -82 -84 -86 -87
m21 :  [81 49] [2 38] [4 70] [6 80 28] 50 10 [48 33] 13 [25 16 27 18] 19 [20 78 44] 77 24 [26 72 30] [59 52] [36 34 32] [40 41 42 43] [93 45 63 74 35] [51 47] 54 [55 69 66] [60 86] 39 [15 68] [67 71] [76 90 17 82] 85 84 37 65 [89 92 31] 0 1 3 [5 7] [8 9] 11 12 14 21 [22 23] 29 46 53 56 -57 -58 -61 -62 -64 -73 -75 -79 -83 -87 -88 -91 -94
m22 :  [0 1 2 22] 41 5 3 67 [8 9] [10 11 12] 73 [14 15 16 27 86 19] [21 77] 24 [62 26 82 29] [55 4 58 33 45 51] [37 39 23] 42 85 44 36 [34 49] 93 [66 94 56 48] [69 81] 87 28 78 71 59 [80 84] 43 47 91 89 17 92 [54 6] 7 [13 18] [20 25] 30 [31 32] 35 [38 40] 46 50 52 [53 57 60 61 63] 64 [65 68 70] [72 74 75] 76 79 83 88 90
m23 :  [0 1 2] 3 92 [5 40] 65 29 [9 59] 18 35 13 [45 17] 7 [39 38] [34 22 23] [25 26 91 78] 20 84 68 [33 73] [74 14] [72 27] 83 46 [58 81 21 49 12] 52 61 [47 64 56] 57 43 [54 69] 70 [89 66] [76 36] 75 79 80 82 [53 87] 11 90 [30 4] [6 8] [10 15 16] 19 24 28 [31 32 37 41] [42 44] 48 -50 -51 -55 -60 -62 -63 -67 -71 -77 -85 -86 -88 -93 -94
m24 :  40 89 [2 3] 4 [64 94 7] 8 66 [10 11 12 13 49] [15 77] 17 [76 19 20] [83 81 35 70 26] 53 [28 79] [88 73] [45 84] [63 36] [38 39] [41 43] [85 56] [47 48 50 29] [55 67 58] 23 90 [62 69] 68 [18 32 91 87 57] [86 30] 0 [1 5 6] [9 14] 16 21 -22 -24 -25 -27 -31 -33 -34 -37 -42 -44 -46 -51 -52 -54 -59 -60 -61 -65 -71 -72 -74 -75 -78 -80 -82 -92 -93
m25 :  [0 63 14] 3 [53 5] [6 34 8] 9 69 11 [49 13 15 17] 81 18 [62 41 48] [22 65] 73 [27 59 93] 28 [77 78 31 33] 55 [91 36 37] [76 39 86 68] 84 [70 46] 90 [1 50 51] 52 64 [56 44] [72 61] [2 87] [92 16] [83 79 75 40] 74 60 [89 94] 4 [7 10 12] 19 20 [21 23] [24 25] [26 29] [30 32] [35 38 42] 43 [45 47 54 57] 58 66 -67 -71 -80 -82 -85 -88
m26 :  52 [9 66] [30 89] 76 71 7 13 27 51 [14 33] [91 15 4] [85 18 19] [68 38] 74 23 29 [28 26 63] 77 67 32 34 [35 36 37] 84 10 [42 73] [50 54 45 47] 78 87 [53 55 83 58] [59 60] [64 65] 69 [72 80] [25 75 81] [2 88 90 46 0] [1 3] [5 6 8] 11 [12 16] [17 20 21 22] [24 31 39] [40 41 43 44 48] -49 -56 -57 -61 -62 -70 -79 -82 -86 -92 -93 -94
m27 :  0 24 2 [3 4] 5 [90 7] 1 17 [10 16 37] 13 41 [15 9 54 57] 59 [34 67 25 73] 28 [29 30] [63 48] [33 23 77] 66 [47 91] [42 69] [44 45 88 51] [71 89] 64 [14 56] [92 11] [82 62 75] [68 70 81] [36 74 22 78 61] 80 58 84 85 35 [94 6] [8 12 18 19 20] [21 26 27] [31 32 38 39] [40 43] 46 [49 50] 52 -53 -55 -60 -65 -72 -76 -79 -83 -86 -87 -93
m28 :  0 1 [3 4] 5 [14 74 69] 9 29 [13 59] 17 [16 25] 65 37 [21 22 45 24 26] [62 10] [8 38 33 34] [49 39 40] 31 43 85 46 47 [23 36 52] 56 [70 61] 92 64 67 68 75 [89 71] 72 [35 77 78] 79 [91 81 54 83 84 7] 87 [76 58] [2 6] 11 [12 15] 18 [19 20] [27 28 30] [32 41] [42 44 48 50 51 53] [55 57 60] [63 66 73] 80 82 -86 -88 -90 -93 -94
m29 :  [0 94] [76 3 4] 5 [75 91 8 38] [10 36 2 13 40] 15 16 [28 19] [56 58] [49 83 77 26 55] [50 23] [30 88] 32 47 [35 44] 39 [48 41] [42 43] 60 18 [90 51 53 54 57] [31 62 63] [86 66] 67 29 [81 7] [65 73] [69 79] [87 64] [89 92] 1 [6 9 11 12 14] 17 [20 21 22 24] 25 27 [33 34 37 45] 46 52 [59 61 68] 70 [71 72] -74 -78 -80 -82 -84 -85 -93
m30 :  [0 11 22] 3 63 [6 64 36 9] [32 56 77 13] 14 [15 76] [89 18] 19 [72 92 93] [23 24] [48 27] [28 62 45] 51 [33 34 5 37 55 39] 40 [41 68 69] [44 35] 46 65 17 66 21 94 57 53 [59 60 61 12] 78 [70 73] [86 52] 83 [4 84 50] 88 91 [1 2] 7 [8 10 16] [20 25] -26 -29 -30 -31 -38 -42 -43 -47 -49 -54 -58 -67 -71 -74 -75 -79 -80 -81 -82 -85 -87 -90
m31 :  [0 77] [20 10] [4 13] 6 7 [74 37] 35 [51 14 72 2 17] [18 19] 76 [94 54] 88 [82 25 26] 85 [28 92] 63 [32 33 36] 40 42 [43 45] 46 [84 75] [50 52] 81 55 49 60 [58 59 66 80 15] [68 69] [70 34] 78 23 90 5 86 [65 89] [27 1] [3 8] 9 [11 12 16] [21 22 24 29] 30 [31 38] 39 [41 44 47] 48 [53 56 57] -61 -62 -64 -67 -71 -73 -79 -83 -87 -91 -93
m32 :  0 [1 2] [4 5] 6 7 8 9 27 3 14 29 [39 37] [55 19 12 21 22] [91 24] 25 [26 28] [33 30] [10 49 35] 94 [51 47] 41 [42 92] [76 45] [38 68] [64 69 77] 57 59 93 62 16 48 [66 67] 80 81 84 [36 78 82 85] [71 40 90 11] [13 15 17] 18 [20 23] 31 [32 34 43 44 46 50] [52 53 54] 56 58 60 61 -63 -65 -70 -72 -73 -74 -75 -79 -83 -86 -87 -88 -89
m33 :  0 [1 2 3] [61 5] 46 [7 43 9 25 92] [11 13 15] [34 17] 62 [48 22 21 82 75 68] 80 29 [94 31] [26 45 47 35] 16 18 [64 39] [66 50] [40 56 59 27 52] 41 54 55 [69 58 76] 74 [14 81] 36 71 [85 6] [77 72] [65 83] [87 67 89] 90 [91 4] [8 10] 12 [19 20] [23 24 28 30] 32 33 37 38 42 [44 49] 51 [53 57 60] [63 70] [73 78] [79 84 86] 88 93
m34 :  89 [6 11 3] [4 5] [49 7] [8 56 10] 63 16 [55 30 54] 41 [69 91 20 53] 35 [62 75 65] [48 68 28 29 31] 85 33 [70 43] [36 38] [81 64] 44 19 [77 12 86 47] [50 51] 83 [90 18 58] [2 76 39 32 67 1] 15 [26 79] [93 82] [84 88 92 94 0] [9 13 14 17] -21 -22 -23 -24 -25 -27 -34 -37 -40 -42 -45 -46 -52 -57 -59 -60 -61 -66 -71 -72 -73 -74 -78 -80 -87
m35 :  0 1 18 [3 22] [5 6 17 9] 12 11 [27 13] [15 52 56] [19 55] 57 77 78 [51 28] [86 29] 41 [69 33] [34 14 36] 37 [81 39] 40 62 94 [44 46 70] [48 2] 61 60 [76 58 59 68 73 63] 64 65 [21 92 72] 74 [67 31] [84 93 88] 90 [4 7 8 10] [16 20 23] [24 25] 26 [30 32] 35 [38 42] 43 45 47 49 -50 -53 -54 -66 -71 -75 -79 -80 -82 -83 -85 -87 -89 -91
m36 :  [90 2] 15 4 [25 71] 7 8 40 [55 49 13] 14 67 [18 19 20 43] [34 27 26 28] 29 30 [33 89] 68 36 [37 38 80] [41 42] [53 84] 45 [48 16 85 77] 44 [54 72] [78 24] [58 59] 60 [52 63 64 65] 66 [51 69] 81 [92 74 50] [76 31 0 5] [70 93 1 3] -6 -9 -10 -11 -12 -17 -21 -22 -23 -32 -35 -39 -46 -47 -56 -57 -61 -62 -73 -75 -79 -82 -83 -86 -87 -88 -91 -94
m37 :  0 [1 2] [3 4] 5 79 7 14 [9 10 16 55] [90 27] 17 [71 19] 61 [22 92] [24 47] 28 37 44 53 33 [34 35 36 94] 40 67 42 43 12 [45 77] [56 41] 23 51 39 [75 91 74] [58 82] 57 81 63 [64 66 85 69 8] [73 54] 87 84 93 [15 70 62 6] 11 13 [18 20] 21 [25 26 29] [30 31 32 38 46] [48 49] 50 [52 59] 60 65 -68 -72 -76 -78 -80 -83 -86 -88 -89
m38 :  0 1 2 3 92 72 7 18 [9 10] 6 [11 47] 14 61 35 [17 69] [49 22] [85 24] [25 26] [56 91] 68 [4 31 57] [34 84] [36 15 38] 39 40 [80 66 29 45 46] [59 54] 52 23 19 65 75 70 [5 86] 64 [71 55 13] 74 81 [62 82 60] [87 21] 37 [12 89 8] -16 -20 -27 -28 -30 -32 -33 -41 -42 -43 -44 -48 -50 -51 -53 -58 -63 -67 -73 -76 -77 -78 -79 -83 -88 -90 -93 -94
m39 :  [0 36] 19 [3 53 4] [6 7 8] [75 10] [48 84 13 81] 15 90 65 [18 20 34] [22 23 1] 61 [26 88 28] 38 [30 62] [66 94 77] [52 39 50 41] [58 79] 63 [76 47 49 51] [67 55] [56 57] [71 43 85 69] [35 70 86 44] 89 [11 83] [31 87] [91 64 2] [5 9 12 14 16] 17 21 [24 25] [27 29 32 33 37] [40 42] [45 46 54] -59 -60 -68 -72 -73 -74 -78 -80 -82 -92 -93
m40 :  [63 39 2 3] 49 91 6 14 [8 56 78 11] [77 15 44] 93 [55 23] 84 [9 22 12 94 25] [52 27 28] 40 [57 31 59 34] [35 36] [37 86] 18 [58 64] 30 [46 48 53] 50 [51 92] 43 0 [70 61] 62 [81 65 21 26] 60 [72 85 1] [76 66] 13 71 4 [88 89 90 5] 7 10 [16 17 19] [20 24 29 32] 33 38 41 [42 45] [47 54 67 68] [69 73 74 75 79] 80 82 -83 -87
m41 :  [0 74] [52 36] 67 70 [13 7 8 30 10] 19 3 [14 15] [37 26 18] [34 40] [57 66] [2 25] [60 28] [6 16 31 32] [33 35] [38 39] 93 [42 43 45] [46 44] [59 50] [51 53] [54 55] [63 77 64] 65 68 80 [85 89 72 20] [27 75] 76 84 81 82 23 92 [1 4 5] [9 11] 12 [17 21 22] 24 [29 41] 47 48 49 -56 -58 -61 -62 -69 -71 -73 -78 -79 -83 -86 -87 -88 -90 -91 -94
m42 :  0 17 [2 3 5] 80 7 4 94 10 [13 12 14 45] [73 28] 19 [26 76] 22 91 25 [27 29] 47 [8 33 34 81] [36 37 59 51] 61 [41 42] 44 1 62 24 79 54 [66 56] 64 67 9 71 39 69 65 35 92 78 [77 82] 87 84 [85 86] [63 89 90 6 11] [15 16] 18 [20 21] [23 30] 31 [32 38] 40 43 -46 -48 -49 -50 -52 -53 -55 -57 -58 -60 -68 -70 -72 -74 -75 -83 -88 -93
m43 :  0 1 2 [3 83 5 29] 7 [76 59 45] 33 [62 14 64 17 68] 38 [20 21] [22 56 24 6] 46 [77 84] 66 94 37 [34 35] [58 39 40] 92 61 75 [47 52] [49 15 86 54 55] 57 [89 43 65 87] [69 9 71] 72 74 25 [79 81 82 23] 91 [4 8] [10 11] 12 [13 16 18] 19 26 [27 28 30] 31 32 36 [41 42] [44 48] 50 51 -53 -60 -63 -67 -70 -73 -78 -80 -85 -88 -90 -93
m44 :  29 14 7 3 [23 55 6] [8 44] 83 [11 26] 85 80 [89 16] [17 94] 19 [20 22] [13 77 90 76 67] 28 [30 43] 48 49 [35 36 92 38] 62 69 [41 86 15 45] 61 [88 51] [0 53] 54 91 [60 68] [79 63 65 57] 50 [70 39] [31 75 87 81] 32 84 93 [1 2 4] 5 [9 10] 12 18 [21 24] [25 27 33] 34 37 40 42 46 47 -52 -56 -58 -59 -64 -66 -71 -72 -73 -74 -78 -82
m45 :  0 91 [8 3] [24 5] 55 81 [86 70] [59 72 14 15] [90 25 18] 88 92 22 [53 77] [26 13] [28 29] 44 [31 21 33 37 39] 27 93 [40 41] 84 43 94 76 58 [48 49] [69 85 52 51 32] [56 57 2] 62 [63 36 66 61 11 74] [78 35 68 60] [83 10] 1 [4 6] [7 9] 12 [16 17 19] 20 23 30 [34 38] 42 [45 46] 47 50 54 -64 -65 -67 -71 -73 -75 -79 -80 -82 -87 -89
m46 :  59 64 76 [66 52 33 74] [7 92] 81 [10 71] [90 13 14 28 45] 17 18 77 [20 78 43] [23 19] 25 [26 27] 42 [46 31] 32 34 [55 37 38 70] [40 41 58] 91 15 [16 80 50 0 54] [39 85 60 9] [68 65 72 69] 82 51 36 63 29 87 89 [4 1] [2 3 5] 6 8 11 [12 21 22] 24 30 [35 44] [47 48] 49 [53 56] 57 [61 62] [67 73] -75 -79 -83 -84 -86 -88 -93 -94
m47 :  [0 51] 2 [3 5 36] [71 90] 9 34 56 [54 13] [14 15] 41 [69 85] 75 [87 22] [25 16] 27 42 29 [30 17 91 33 37] 64 [43 93 59 24 45] [20 47 68 73] [74 1] [61 63] [23 66] 67 [44 76 77 78] [79 80] [81 82 35 39 92] 84 [94 4 6] 7 8 10 [11 12] 18 19 [21 26] [28 31] [32 38 40 46 48] [49 50] 52 -53 -55 -57 -58 -60 -62 -65 -70 -72 -83 -86 -88 -89
m48 :  0 [1 68] [62 3] 5 [6 7 13] [9 10 89 86] [29 14 56 16] 22 18 [46 94] 21 [34 25] 27 [84 17 12 36] 85 91 [87 38 39 40 41 61] 43 53 45 [47 49] 72 37 54 [28 52] 59 65 [64 69 73] 74 [92 76 23 32] [81 82 67] [71 58] 66 2 [4 8] [11 15] [19 20] 24 26 30 31 [33 35 42] [44 48 50] [51 55] 57 60 [63 70] [75 77 78 79] [80 83] [88 90] -93
m49 :  [19 35 50 62] [87 69 77] 67 8 93 10 [12 45 54] 43 [48 4 44] [18 3] [84 52 23] [86 41 49 0 28] 29 30 31 [90 68 33 36 38 94] [42 46] [47 51] 53 [55 65] [58 56] 85 39 76 [64 88 5] [81 75] [24 91] [83 79 20] 89 82 [92 26] 1 [2 6] 7 9 -11 -13 -14 -15 -16 -17 -21 -22 -25 -27 -32 -34 -37 -40 -57 -59 -60 -61 -63 -66 -70 -71 -72 -73 -74 -78 -80
m50 :  0 18 2 3 40 5 6 42 [8 85] 34 73 [12 13] 22 [15 63 65 94 39] 24 52 55 [28 29 14] 31 91 [57 61 62 37] [20 78 17 92] 35 [44 82] [48 76] 74 [41 53] 56 [72 11 86] 1 [66 83] [32 70] [71 77 36 59] 25 81 84 [93 26] [46 4] [7 9 10] [16 19] [21 23 27] 30 33 38 [43 45 47] [49 50] 51 [54 58] -60 -64 -67 -68 -69 -75 -79 -80 -87 -88 -89 -90
m51 :  0 [71 55] 79 4 70 [85 7] [46 9] [10 30 94] 13 19 15 20 17 59 [16 24 65] 25 26 27 [28 31 32] [33 72] [36 37] [38 60 92] 64 18 [76 45] 2 82 [58 50 51] [52 74] 42 53 54 81 63 66 67 68 [69 34 77 89] 90 84 86 [73 93] 1 3 [5 6] -8 -11 -12 -14 -21 -22 -23 -29 -35 -39 -40 -41 -43 -44 -47 -48 -49 -56 -57 -61 -62 -75 -78 -80 -83 -87 -88 -91
m52 :  0 1 56 3 33 5 62 [42 25] [17 23 91] 80 13 [41 15 16 31] [19 86] [22 84 9 82] [26 28] 92 [67 24 11 34 35] 36 37 [39 81 94] [61 44] [45 52 30 77] [6 51 63] 14 54 78 [76 2 64] 66 [4 69] [70 71] 65 73 [85 75 87] [93 89 27 7 8 10] 12 18 [20 21 29 32] 38 [40 43 46 47] 48 49 50 [53 55] [57 58 59] [60 68 72] 74 [79 83] -88 -90
m53 :  0 1 2 3 47 68 [13 7] [17 9] 40 51 81 14 [58 34] 92 [56 21] [22 23] 24 25 26 4 [29 46 57 37] 65 [87 36 38] 39 82 20 43 75 [45 61] [49 50 70] [52 64] 54 [59 62] [66 11 69 71 72] [73 74] 10 [91 77 83 80 84 89] 90 86 5 [6 8] 12 [15 16] [18 19] -27 -28 -30 -31 -32 -33 -35 -41 -42 -44 -48 -53 -55 -60 -63 -67 -76 -78 -79 -85 -88 -93 -94
m54 :  [76 79] [2 91] 4 5 36 [7 8 41] [13 11 84] [20 19 18] [43 70] [66 23 1] 74 26 56 38 29 [30 86 83] 77 75 35 15 40 [50 44] [90 45] [47 48 28 51 53] [3 55] 63 [10 94] [62 64 81] 67 69 58 92 49 87 78 71 89 88 0 [6 9] [12 14] [16 17 21] [22 24 25] 27 31 [32 33] 34 37 39 [42 46] [52 54 57] [59 60 61 65] [68 72 73] -80 -82 -85 -93
m55 :  0 1 2 3 12 61 6 [63 13 70] [11 14] 39 18 [62 5 22 55] [60 24 21] [85 27] [28 72 29 48 40] 33 [44 35] 36 37 66 [8 65] [76 4] 46 47 [49 50] 52 80 91 56 86 [68 92] [9 93 26 79] 59 73 19 75 [77 78 64] 83 82 88 [90 94] [7 10] -15 -16 -17 -20 -23 -25 -30 -31 -32 -34 -38 -41 -42 -43 -45 -51 -53 -54 -57 -58 -67 -69 -71 -74 -81 -84 -87 -89
m56 :  [69 51 15 32 4] 29 [6 25] 8 9 [10 35] 76 [13 14] 68 16 20 7 19 [61 58 23] 38 89 [27 28] [0 24 31] 34 33 37 [36 52] 71 70 59 [67 60 45] 46 [88 64] [49 50 41 54] [85 56 57 63 72] [81 66] [77 2] 73 74 [75 78 80] [26 90] 84 91 92 [93 39] 1 [3 5 11] 12 17 18 21 -22 -30 -40 -42 -43 -44 -47 -48 -53 -55 -62 -65 -79 -82 -83 -86 -87 -94
m57 :  0 1 [90 64] 4 [5 6] [36 42] 9 [78 30 14 66] 16 [17 21] 29 20 [62 22] 54 24 [56 26] [27 28] 80 [73 34] 32 [33 94] 37 [68 41 81] 67 [45 82 47] 15 [25 3] [91 8] 61 [84 63 13] 85 52 [77 69] 51 71 [74 75] 92 [35 2] 87 [39 11 7] 10 12 [18 19] [23 31] [38 40] 43 44 [46 48 49] 50 [53 55 57] [58 59] 60 65 70 72 76 -79 -83 -86 -88 -89 -93
m58 :  [0 1 47 3] 4 [5 61 29 15] [9 68] 64 33 [37 14 72 73 17] 92 [34 85] 18 22 56 [25 26 31 91 7] [13 48] 71 [46 2 38] 59 21 41 49 [43 52] [45 74] 23 51 [62 84] 58 75 [81 65 67] [69 24 39] [76 77] [78 16 82 87 89] [90 35 40] [6 8] 10 [11 12] 19 20 [27 28] 30 [32 36 42] 44 -50 -53 -54 -55 -57 -60 -63 -66 -70 -79 -80 -83 -86 -88 -93 -94
m59 :  0 2 [68 49] [4 79 60] [7 67] [9 23] 30 12 [55 20] [94 52] 11 31 19 80 [22 56 71] 90 3 28 33 [57 54] 36 61 [38 39] 83 [8 87] [43 44 81 47 48] 50 [51 53] [62 32 58] 6 5 91 69 [84 65 15 10] 73 89 [75 77 66 88] 86 63 [64 1 13] -14 -16 -17 -18 -21 -24 -25 -26 -27 -29 -34 -35 -37 -40 -41 -42 -45 -46 -59 -70 -72 -74 -76 -78 -82 -85 -92 -93
m60 :  63 [46 40] 3 44 5 6 [35 8] [9 10] 11 [12 13] 14 [15 89] [57 48] [76 75 78 94 1] [24 26] [27 28] [29 25 93] [62 37] 88 39 [55 36] [69 91] [65 59 21] 61 86 [73 54 22] 68 [58 70 92 34] [66 7 56 53] 4 [72 90] [18 77] [83 81 31] 84 [0 2 16] 17 19 -20 -23 -30 -32 -33 -38 -41 -42 -43 -45 -47 -49 -50 -51 -52 -60 -64 -67 -71 -74 -79 -80 -82 -85 -87
m61 :  18 38 [72 26 4] 47 [6 7 8] 33 [10 30 17 13 14 51] [16 50 19] 44 63 23 70 [25 28 29 58 59] 34 [35 36 37] [39 41 45] 46 76 [52 90 55] [27 60] 77 [68 20 65] [15 67] [42 81] 9 85 75 80 [66 84] [89 31] [88 91 92 94] 0 1 2 3 5 [11 12] -21 -22 -24 -32 -40 -43 -48 -49 -53 -54 -56 -57 -61 -62 -64 -69 -71 -73 -74 -78 -79 -82 -83 -86 -87 -93
m62 :  0 [13 2 3 91 5 35] [48 9 10] [90 28 14 69] 17 83 [19 38 53 22] 33 24 25 [26 27] 29 71 [56 20 34 36] [37 88] 39 45 [41 42 92] 54 47 64 [74 94 15] 77 [86 62 59 67 6 66] 80 73 51 [82 7] [75 81 93 84] 4 [68 16 23] 1 [8 11] 12 18 [21 30 31 32] [40 43] [44 46 49] [50 52 55] 57 58 [60 61 63] [65 70 72] 76 [78 79] 85 87 -89
m63 :  0 1 [2 3] [4 5 46] [7 32 9 10] [50 16 14] 39 91 [17 18] 54 [23 49 56 59] [26 27 52] 48 80 40 [22 35] 36 25 61 38 [41 69 43] 93 45 [68 66 11 15] 47 21 [81 65] [31 62] 24 [29 70 58] [72 74 76 82 34] [84 92] [87 89 33 6] [8 12 13] [19 20] [28 30 37] [42 44 51] -53 -55 -57 -60 -63 -64 -67 -71 -73 -75 -77 -78 -79 -83 -85 -86 -88 -90 -94
m64 :  51 42 [4 3 28 89 56] 8 [14 41 63 29] 13 [11 15 94 17] 58 19 91 [52 22] [81 70] 26 30 [85 50 33 48] 36 43 38 39 [62 53] [40 79 7] 47 [49 54] 23 77 55 74 [90 83] [5 67] [68 86 75 16] [76 6 73 84] [87 88] 60 93 0 1 [2 9] [10 12 18 20] 21 24 25 [27 31 32] [34 35 37] -44 -45 -46 -57 -59 -61 -64 -65 -66 -69 -71 -72 -78 -80 -82 -92
m65 :  [86 0] 39 [3 29 5 10] 48 [9 47] [11 53] 13 [14 15] [77 59] 52 [31 21] [22 70] 28 [8 44] 92 93 73 68 [41 40] 33 [34 76 36 37 64] 26 [16 56 25] 46 61 [51 72] [84 55 78 42 66] 18 [62 63 65] 81 [6 35] 91 27 75 [94 24] 45 [82 83] 85 [89 90] [1 2] [4 7 12 17 19] [20 23] [30 32] 38 [43 49 50] 54 -57 -58 -60 -67 -69 -71 -74 -79 -80 -87 -88
m66 :  [15 81 36 9] 4 [52 6] [7 47 76 10] [59 42] 13 [45 2 58 18] 19 20 [67 55 38 24 25 26] [27 77] [72 30 32 33] 28 35 [41 65 92] 64 46 73 63 [91 80 51] 53 16 68 [60 83 62 66] 70 82 37 [75 89 69 85] [84 86 34 90] [31 93] 50 0 [1 3] 5 [8 11 12] 14 [17 21] 22 23 [29 39 40 43] [44 48] 49 [54 56 57] [61 71] [74 78 79] -87 -88 -94
m67 :  [0 47 2 77 56] 33 7 26 [9 10] 54 70 [13 14] [15 16] 4 [19 34] 21 22 [28 25] [27 30] 5 71 [41 42 37 61 39] 35 [43 45] [89 40] [6 51 64] [94 55] 91 17 67 59 [66 62] 23 76 69 48 [36 75 78] 79 [92 81 82 24 12] [90 93] 1 3 [8 11 18] 20 [29 31] [32 38] 44 46 [49 50 52 53 57] 58 60 [63 65 68 72] -73 -74 -80 -83 -84 -85 -86 -87 -88
m68 :  0 [1 2] [62 32] [5 16] [64 90] [9 17 29 56] [13 14 15 19 41] 22 [23 82 52] 68 36 [28 83 25] 79 33 34 [89 61 85 84] [54 40] [94 7] 43 47 45 92 46 49 [50 11] 10 [24 57 58 59] [65 4] 87 74 [72 75 76 66] [81 21] 91 [3 6 8 12] 18 [20 26] 27 [30 31 35] [37 38 39] [42 44 48] [51 53] 55 60 -63 -67 -69 -70 -71 -73 -77 -78 -80 -86 -88 -93
m69 :  39 [11 40] [75 4 5] 77 [54 62] [85 87] [12 45] 92 76 [63 0 29] [19 68] [46 66 23] 2 [24 36 82 28] 30 [73 94 33] 27 [56 35 38] 50 81 53 [89 67 47] [48 49 90 43 26 55] 65 [44 17 91 64] 69 13 70 [61 31] [18 83 84] 3 88 79 1 6 [7 8 9] 10 [14 15] [16 20 21 22] [25 32] [34 37 41] [42 51] [52 57 58] 59 60 71 [72 74 78] -80 -86 -93
m70 :  0 1 [2 3 16 5] 6 19 [8 9 78] 15 [37 13 14 21] [11 18 66] [40 72 91 24] [88 26] [27 28 61 62 10] [39 35 36 63] 87 92 41 42 86 [94 73 46] [89 48] 49 76 52 [29 55 56] 58 [60 59] [65 70 83 32] 77 [93 51 84] 44 [7 12 4 17] 20 22 -23 -25 -30 -31 -33 -34 -38 -43 -45 -47 -50 -53 -54 -57 -64 -67 -68 -69 -71 -74 -75 -79 -80 -81 -82 -85 -90
m71 :  58 31 [76 67 4] 5 6 [7 8 52 10 45] [82 50] [18 15 16] 38 19 20 [17 23 24] 25 26 [34 29] [63 55] [32 33 37 36] 68 [40 2] 43 74 [92 46] [77 85 88] [51 35 65 13 72 59] 60 42 28 [66 69] [70 73] 30 [84 47] [81 89] 83 80 78 0 [1 3 9 11] 12 -14 -21 -22 -27 -39 -41 -44 -48 -49 -53 -54 -56 -57 -61 -62 -64 -71 -75 -79 -86 -87 -90 -91 -93 -94
m72 :  [0 69] 2 [36 4] 5 34 55 8 [14 76 12] [26 73] [15 16] 22 [41 71] [21 24 45 35] [27 47] 29 [89 66] 33 [37 32] [39 13] [42 30 91] 40 75 [82 51] [52 68] [85 56] [77 58 84] [9 10 62 23] 64 [48 81] 67 53 [28 6] 1 [80 79] [25 94] 54 3 [57 90 92] [93 7 11] -17 -18 -19 -20 -31 -38 -43 -44 -46 -49 -50 -59 -60 -61 -63 -65 -70 -72 -74 -78 -83 -86 -87 -88
m73 :  [0 1] [2 25] 91 [5 84 52] 37 58 [70 3 14 15 16] [68 18] [28 35] [17 22 23] 24 6 27 47 [29 51 74] 54 80 [36 72 38] [39 49 82 31] 43 [40 45] 56 13 34 30 [61 59] [77 62] 94 64 65 69 [71 21 7] [78 66 46] [81 9] 75 [85 93] 87 [92 10 4] [8 11] -12 -19 -20 -26 -32 -33 -41 -42 -44 -48 -50 -53 -55 -57 -60 -63 -67 -73 -76 -79 -83 -86 -88 -89 -90
m74 :  0 52 [19 3 23 85 33 7] [8 11 10 69 94 79] 26 [15 28] [55 18 81 20] 45 17 [91 78 82] 43 [29 30 53 54 5] [36 62 38] 39 40 [49 76] 13 47 48 [87 50 51] 77 [56 58] 4 [34 60] 63 [64 65] [67 2] 22 [75 31 16 83] [92 73 89] [84 86 88] [90 1] [6 9 12 14] [21 24] 25 27 [32 35 37] 41 42 44 [46 57 59] 61 66 68 70 -71 -72 -74 -80 -93
m75 :  [0 1 2] 3 [37 72] [6 89] [70 9] [11 34 13] [14 15] [16 48 18] [19 61 22] [63 25 46] 28 29 [93 75 69] [59 36 71] 39 40 41 42 84 [44 78] [91 47] [35 5 52 23] 31 [55 56 76 49] 62 [81 66 53 83] [92 73 77] 90 86 60 94 4 [7 8] 10 12 [17 20] [21 24 26 27] [30 32] 33 [38 43] [45 50] -51 -54 -57 -58 -64 -65 -67 -68 -74 -79 -80 -82 -85 -87 -88
m76 :  0 [63 58] [22 18] [91 34] 7 57 [9 10 31] 44 [13 14] 15 16 42 19 50 59 [90 67] [24 25] [26 28] 29 4 32 33 [60 36 37] 82 [85 51 46 41 77 52] 81 [54 55 68] 89 [27 66] 92 [69 70] [72 20] [74 76] [79 80 86] [45 93 88 1] 2 3 5 6 [8 11 12] 17 [21 23 30 35 38 39] 40 43 47 [48 49] [53 56 61 62] 64 -65 -71 -73 -75 -78 -83 -84 -87 -94
m77 :  [0 1 27 3 4 82] [71 7] 73 [9 10] [22 33] [13 28] [39 16] 17 72 [78 44] 21 36 24 25 92 [45 29] 30 [88 34] [94 37 52 2] [12 14] 42 [51 5] 47 19 [87 64 55] [56 80] [77 89 8 26 65] 66 67 [69 70] 91 81 [43 85] 62 [41 93 6 11] [15 18 20 23] [31 32 35] [38 40 46 48 49] -50 -53 -54 -57 -58 -59 -60 -61 -63 -68 -74 -75 -76 -79 -83 -84 -86 -90
m78 :  0 [1 74 3] 38 [5 27] 17 55 9 65 [80 92 13] 29 [72 16] 47 [87 59] [89 18 25] [64 48] 31 [14 75 33] 34 [40 45] 37 [71 61] [62 78 44] [43 6] 46 [22 84] 85 [94 52] [54 77] 58 60 [20 56 66] [21 68] 70 [90 2] 15 81 91 [83 82] 39 [11 4] [7 8 10 12 19 23] [24 26 28] [30 32] -35 -36 -41 -42 -49 -50 -51 -53 -57 -63 -67 -69 -73 -76 -79 -86 -88 -93
m79 :  86 39 2 [83 15] 69 [47 40] 8 [9 18] 5 [12 67] 54 44 30 [19 64 21 61] 23 34 [26 57] 28 29 49 79 11 55 [87 89 1] [38 53 48] [43 45 90] 81 [50 51 3] [56 58] [16 10 62] 65 [88 68 33 66] [84 75 76 77 46] 91 94 52 [0 4] 6 [7 13 14] 17 [20 22 24] 25 [27 31] [32 35] [36 37 41 42] [59 60 63 70] [71 72] [73 74] 78 [80 82] -85 -92 -93
m80 :  [22 70] 5 3 [10 13 48] [36 8 9] 16 11 [94 14] [15 44 76] [86 72] [41 21 23] [24 1 56] [27 28 73] 68 31 90 [26 34 35] [37 83] 39 [40 63] [79 18 51] 52 [49 46 92 59] [84 61 65] 17 69 93 [75 77] 78 62 [4 85 7] 60 [64 19] [91 0] 2 [6 12] 20 25 29 30 [32 33] 38 [42 43] 45 47 [50 53] [54 55] 57 58 [66 67 71 74] [80 81] 82 87 -88 -89
m81 :  [0 8 25] [29 4 13] [88 7 47 9] 10 [74 72 17 15 66] [18 33] [20 64 22] [45 52] 80 89 [28 31] 30 [55 54] [34 35] [36 60 84 6] [65 57 46] [42 77] [26 76 51] [50 92 19 58 59 27] [63 37] [68 85] [70 24] [81 82 67] [87 90] [16 38 1 2] 3 [5 11] [12 14 21 23 32] [39 40 41 43 44] 48 49 [53 56 61 62] 69 [71 73 75] 78 79 -83 -86 -91 -93 -94
m82 :  0 1 [67 3] [94 5 53] 28 16 [9 42 11 13] 14 15 [17 29 93] 21 [22 23 24] [25 74] 62 64 [85 33 34] 76 36 37 87 [54 56 84] 45 32 51 73 [58 89] 71 [41 55] 4 59 7 30 [66 77 70] [69 27 82 12 92] 79 [80 91 6] [47 39 63] 2 [90 8 10] [18 19 20] [26 31 35 38 40] 43 -44 -46 -48 -49 -50 -52 -57 -60 -61 -65 -68 -72 -75 -78 -81 -83 -86 -88
m83 :  [0 7 2 3] 72 5 [48 6] [9 56] [37 65] [16 14 15 25] 17 [39 8 29 21 22] [62 81 26] [61 71 59] [74 70 75 34 35] [36 91 40] 66 [1 45 46 47 90 49] [43 12 52] [54 33 57] 80 [27 64] [68 24] [31 92 50 82 84] [85 73] 89 [10 4 11 13] [18 19 20 23] 28 30 [32 38] [41 42 44] [51 53 55 58] 60 63 [67 69] 76 77 [78 79 83] [86 87] -88 -93 -94
m84 :  [0 66 2] [3 4 5] 6 7 [8 9 10 11] [94 63 79] [15 16 53 81] [26 83 23 47 67] [28 75] [30 68] 44 32 48 36 [61 38 85 19 54] 43 31 [62 65] 90 50 [51 55] 56 57 39 [12 76] [35 64 69] [42 17] 59 [77 49 91 88] 89 [93 29] 1 13 [14 18 20] [21 22 24] 25 27 33 [34 37] 40 41 [45 46 52 58] [60 70] [71 72 73 74 78] 80 -82 -84 -86 -87 -92
m85 :  [0 1] 2 3 [14 6] [93 9 47 11] [63 13] 72 [16 22] [18 62] 92 37 [12 73] [48 26] [27 28] [29 57] [31 33 34] 24 [36 15 39] [40 41 84 74] [44 77] 46 [51 52] [55 56] [83 66] [59 8 61] [64 78] 68 94 [70 75 76] [91 35 81 85 86 30] 42 4 [5 7] -10 -17 -19 -20 -21 -23 -25 -32 -38 -43 -45 -49 -50 -53 -54 -58 -60 -65 -67 -69 -71 -79 -80 -82 -87 -88 -89 -90
m86 :  [74 48] [13 65 4] [92 2] [7 51] [89 10 91] 79 [24 72] 16 [66 28] 19 [36 83 25 60] 27 26 84 30 [50 20] [33 34] [35 37 76 39 40] [77 59] 9 [29 45 68] [38 14 11 52 67] [6 15 58 64 62] [63 70 71 69] 73 78 80 82 [85 93 88 90] 0 1 3 5 [8 12 17 18] 21 -22 -23 -31 -32 -41 -42 -43 -44 -46 -47 -49 -53 -54 -55 -56 -57 -61 -75 -81 -86 -87 -94
m87 :  [0 15 66 3 4] 5 [75 94 40] [9 85] [92 91] 47 14 16 [17 79 71 45] [89 22 23] 24 [62 90] [28 39 51 86 57] 33 34 10 56 [37 54 1 41 42] [44 77] 49 52 82 67 78 19 59 29 [61 76] [64 88 80] 69 13 [73 74 81] 25 [84 87] 93 [2 6 7 8 11] 12 [18 20 21 26] [27 30] -31 -32 -35 -36 -38 -43 -46 -48 -50 -53 -55 -58 -60 -63 -65 -68 -70 -72 -83
m88 :  0 [1 62 47 4 5] 70 61 7 [29 92 50] [23 13 14 82] 87 [17 67] 52 [25 22 40] 24 [59 71 77] [54 65 81] [26 33 34] [35 45 73 64 39] 68 72 [38 9] 46 16 49 18 86 [66 55] 56 21 [58 48 94 74] [41 69 78] [3 2] 90 83 84 [43 11] 91 [85 31] [75 6] [8 10] 12 15 19 [20 27 28] 30 -32 -36 -37 -42 -44 -51 -53 -57 -60 -63 -76 -79 -80 -88 -89 -93
m89 :  [51 91] [2 3 75 8] [66 86 45] [55 20 12 35] 57 [15 84 17] [88 38] [89 48] 23 90 77 [26 28] [29 30] 43 [13 68 47] [19 49] 5 [4 40 42] [44 46] 67 [53 54] 85 56 [58 39] 83 [87 62] [63 64 65 79] [93 73 76 50 10 81] 36 [94 0 1] [6 7 9 11] 14 16 18 21 22 24 [25 27 31] 32 33 [34 37 41 52] [59 60] [61 69 70] 71 [72 74] 78 80 -82 -92
m90 :  [0 1 5 63] [85 73 6 55 8] 9 79 [11 86] 13 56 15 [88 29 18] 32 [72 22 23 25 27] [28 2] [31 59] 78 [35 36 37] 41 [39 40] [42 61 44] [77 48] [49 34 69] 57 60 14 46 [65 66 3] 68 [62 76 50] 93 75 91 [26 51] [94 84 58 92 19] [4 7] 10 [12 16] 17 20 [21 24] [30 33] 38 43 [45 47 52 53 54] 64 67 -70 -71 -74 -80 -81 -82 -83 -87 -89 -90
m91 :  [0 8] [58 80 50] 5 66 7 81 [84 10] [83 27] [28 41] [15 76 25] [18 34] [19 64 63] 23 30 [33 26 45 59] 31 [32 36 35] 37 72 92 [4 43 44 54] 46 [47 69 20 51] 52 91 55 [85 9 60] 68 65 67 [70 77] [73 75] 78 6 53 [89 13] 90 [1 2] 3 [11 12] 14 [16 17 21 22 24] [29 38 39] [40 42] [48 49 56] 57 [61 62 71 74 79] -82 -86 -87 -88 -93 -94
m92 :  [0 78] 77 [36 4 5] [6 9 49] 39 56 [13 14 15] 10 [17 71 92 86] 24 [22 25] [73 27 28] [80 66 34] 33 41 37 2 11 42 [1 69] [45 51] 47 [67 91] 63 [94 53] 54 62 [48 59] 61 64 26 [55 82] [74 75 76 87 81] [38 84] 85 90 [29 7 3 8 12] [16 18] [19 20 21 23 30 31] 32 35 [40 43] 44 [46 50] 52 [57 58] 60 65 68 70 72 79 -83 -88 -89 -93
m93 :  [0 1] 2 64 71 5 3 [74 68 65] [10 46] [39 13] [14 91 24] [17 49] 20 85 [56 87] [18 26] [57 58] 29 25 [31 32 61 34] 36 [62 81 9] [48 43] 90 [45 47] 7 78 67 52 40 54 [79 59] 27 23 21 [72 75] 22 77 70 80 [84 83 89 92 4 6] 8 [11 12 15] [16 19 28 30] [33 35] [37 38 41] 42 [44 50 51] [53 55 60 63] 66 69 -73 -76 -82 -86 -88 -93 -94
m94 :  0 15 [5 3 4 2] 86 [8 48] 18 [45 12] 56 [14 30 54 17 16 19] 20 81 [83 23 39] 1 89 38 28 85 [50 66 29] 22 35 91 40 [53 62] 43 92 [47 55] [49 51] [90 36 79 57] [58 9] [94 87 63 64] 10 70 67 69 77 71 [72 73 26 75] 88 [84 6 7] 11 13 [21 24 25 27] 31 [32 33 34] 37 41 [42 44] [46 52 59] -60 -61 -65 -68 -74 -76 -78 -80 -82 -93
m95 :  0 61 [2 3 23] 48 6 [36 24 70] [5 46] [81 13 14] 15 [76 18] [89 83 56 22] 37 [26 27] [28 92 66] [31 68 34 9] 77 39 40 [41 42 44] 94 58 4 51 [63 60 55 57] 59 [93 86 21 91 84] 72 75 78 [79 12] [35 62 85] 29 65 [8 1 7 10] 11 [16 17] 19 20 25 [30 32] 33 -38 -43 -45 -47 -49 -50 -52 -53 -54 -64 -67 -69 -71 -73 -74 -80 -82 -87 -88 -90
m96 :  0 [24 68 69 4] [81 20 7] [40 93] [60 13] 66 [17 15 16 38] 18 19 3 85 [23 58] 25 [26 67 72] [29 30] 33 [34 35] 36 [37 77] 88 31 [50 42] 52 [45 82 55] 28 [9 62] 92 59 [41 70 64] [65 90] [51 71] [76 78] 91 [80 63] [10 89 32] [1 2 5 6] 8 [11 12] -14 -21 -22 -27 -39 -43 -44 -46 -47 -48 -49 -53 -54 -56 -57 -61 -73 -74 -75 -79 -83 -84 -86 -87 -94
m97 :  [0 23] [2 3] [5 7] [8 9 51] 27 [89 13 14] [15 1 17] [56 90] [29 61 22] 42 [24 25] [47 28 16 30 78 88] 33 34 [35 36] [37 32 39 54 41] [67 45 4 82 49] [84 52 53] [92 94 64 71] [77 85 66] 68 69 55 81 [75 73 80] [91 93 6] 10 11 [12 18 19] 20 [21 26] 31 38 [40 43] 44 46 48 50 [57 58] 59 [60 62] -63 -65 -70 -72 -74 -76 -79 -83 -86 -87
m98 :  0 [29 2 3] [64 5] [71 47 58 9] [10 61 84 75 14] 74 [16 17 18 19 56] [21 22] [23 34 25] [26 33 93] [59 32] [24 38 39 40] 81 [1 45] 46 [49 57] [66 52 87 54] [91 80 60 62] [94 65 13] [68 70] [72 73] 50 92 79 82 [89 36] 4 6 [7 8 11] 12 15 20 27 28 30 [31 35 37] 41 42 [43 44 48 51] 53 [55 63] -67 -69 -76 -77 -78 -83 -85 -86 -88 -90
m99 :  49 [43 2] 19 [85 91 6 89 53] [65 10 11] [0 13 75] 15 [4 47] 18 [20 14 22 3 79 62] [93 28 55] [30 67] [33 87] [35 36 16] [90 39 40 41] [44 94] 88 48 38 50 51 52 [54 58] [73 26 61 63 64 23] [81 76] 71 92 [69 84 77] [42 5] 83 86 8 1 [7 9 12] 17 [21 24 25 27 29] [31 32 34 37] [45 46 56 57 59] -60 -66 -68 -70 -72 -74 -78 -80 -82
w0 :  [0 75 97] [49 24] [73 30] [81 83 18] 31 78 [12 93] 46 [66 85] 21 [64 62] 22 [23 99 26] [39 28 4 38] [15 96 33] [17 36] [37 40] 94 [92 43 45 14] 48 44 [51 58] 86 63 90 76 59 [87 80 72] [77 69] [91 71] [60 29] [8 84 25] [68 88 56 11] 95 52 1 [2 3] [5 6 7] 9 10 13 16 19 20 27 [32 34] -35 -41 -42 -47 -50 -53 -54 -55 -57 -61 -65 -67 -70 -74 -79 -82 -89 -98
w1 :  0 77 [2 4] [5 64] [65 8] 45 [10 98 28 14 15 38] [17 18] [41 21 84 23 29] 25 [66 22] [69 9] 55 [58 34 35] 36 [3 68] [72 47 59 92] 57 6 [75 44] 39 [52 53 56] [63 70 60] [95 37] 11 [73 76] [61 78 99] [51 81 48 19 40] [85 7 87 88] [20 54 1 12 13 16] [24 26] 27 30 [31 32 33 42 43] [46 49] 50 62 67 71 [74 79 80] 82 [83 86] -89 -90 -91 -93 -94 -96 -97
w2 :  72 [18 2 3 42] [5 6] 48 22 9 [10 14 35] 13 78 16 17 [40 36] 93 21 [79 74 25] [50 0 94 29 95 28] [84 83 87] 27 39 51 15 70 [43 80] 45 [19 47] 49 [8 53 12] 55 56 [57 71] 96 30 [60 62] [7 98 81] [85 38 73] [68 77] 89 [99 76] [59 1] 4 11 [20 23] -24 -26 -31 -32 -33 -34 -37 -41 -44 -46 -52 -54 -58 -61 -63 -64 -65 -66 -67 -69 -75 -82 -86 -88 -90 -91 -92 -97
w3 :  [79 49] [16 59] 15 [77 6 31] [68 48 64] [35 81] 13 14 [63 18 19] 91 21 22 [69 24 73] 26 27 28 11 67 [90 76] [58 34] 9 36 [37 2 62] [8 57 42] [43 60] [46 47] [74 12] 97 54 [56 32 94 88] [80 61] [93 7 70 96] 86 87 [4 83] [1 17] [85 25 95] [50 0] [3 5 10] [20 23 29] 30 [33 38 39 40] 41 44 -45 -51 -52 -53 -55 -65 -66 -71 -72 -75 -78 -82 -84 -89 -92 -98 -99
w4 :  0 [37 95] [24 9 5 54 48] [8 10 11 12 13] [90 15 3] 17 98 84 41 [21 22] [6 25 32 27] 29 66 1 99 [34 43 36] 39 40 42 [44 88] 46 [58 89] [93 55] 53 56 [57 50] [38 75] 51 [79 30 68] 69 [70 77] [52 59] [64 49 78] 94 81 [35 19] [18 74 2 4] [7 14] [16 20] 23 [26 28 31] [33 45 47] 60 [61 62] [63 65 67] 71 72 [73 76 80] 82 83 85 -86 -87 -91 -92 -96 -97
w5 :  13 [39 21] [20 28] [57 6] 7 [80 9] [10 11] 77 [0 76] [83 18] [59 91 85] 24 49 26 64 52 1 14 31 48 33 [34 35] [81 44] [38 65 40] 67 [61 45] [51 12 54 47 50] [60 55] [99 2] 84 25 66 82 69 88 87 72 73 [97 62] 22 89 79 27 [94 53] 74 3 4 5 [8 15] [16 17 19 23] 29 30 32 [36 37] [41 42] 43 46 -56 -58 -63 -68 -70 -71 -75 -78 -86 -90 -92 -93 -95 -96 -98
w6 :  4 1 24 26 [49 87] [6 65 67 98 10 14] 45 [54 79] [63 16] [95 18 86] 64 [21 5 23 25 27 39] [76 30 37] [34 44 61] 62 [83 19 69] 88 [77 28 72] 93 94 [51 71 46] [56 2] [58 59] 85 17 [66 7 70 84 75] 81 11 73 [13 89] 90 [0 38 36 96] 32 [35 3] 8 [9 12 15 20] 22 29 31 33 [40 41 42] 43 47 -48 -50 -52 -53 -55 -57 -60 -68 -74 -78 -80 -82 -91 -92 -97 -99
w7 :  [0 1] 4 29 [5 93] [98 8] [9 10 11] [12 13] 14 68 58 18 [88 87 21] 90 65 [24 25] 26 [27 28 45] 85 3 [35 34 81] [36 53] 39 [48 33] [71 44] [46 60] 56 50 [55 57 95] 97 49 99 [22 43] [96 59] 78 67 75 [31 6 80] 82 69 [84 91] 74 [23 2] [7 15 16] [17 19 20 30 32] 37 [38 40 41 42] 47 51 52 54 61 [62 63] [64 66] -70 -72 -73 -76 -77 -79 -83 -86 -89 -92 -94
w8 :  0 12 91 [3 4 5] [64 25 73 9 76] 88 13 14 15 38 55 [18 19] [74 43] [22 23 26 71 10 77] [52 90 41] [80 66 35 36 56] 40 42 [48 79 46] [44 58 50] 51 [54 75 57] [39 61 62] [96 97] 70 98 99 72 89 2 32 30 84 31 [86 60 29] 93 1 [6 7] 8 [11 16] 17 [20 21] 24 27 [28 33] [34 37] 45 [47 49] -53 -59 -63 -65 -67 -68 -69 -78 -81 -82 -83 -85 -87 -92 -94 -95
w9 :  [37 1] [92 7] [10 5 24] 40 [11 89] 12 38 39 98 43 18 88 [20 21 58 75] 29 26 [27 83 63 76 32] [14 45] 70 [85 41 34 25 60] [69 49] 13 95 23 33 52 84 35 48 15 62 6 [42 66] [67 59] 71 [72 73] 8 [77 99] 79 57 53 [96 87 51] 91 78 [93 0 97] 2 3 [4 9 16 17 19] 22 [28 30 31 36] 44 [46 47] [50 54 55] 56 -61 -64 -65 -68 -74 -80 -81 -82 -86 -90 -94
w10 :  [0 17] 2 [3 99 93] [7 94] 8 [40 95] 36 12 43 [31 52 57] [18 80 68] 21 22 54 24 [25 26 96 28 73] [56 58] 15 33 [88 86 37] [38 39 77 72 20] [44 45 69 81 70] [51 71 60 27] 66 [59 61 84] 16 [53 47 90 46 78] 10 [49 83] 63 87 [91 79] [97 98] 1 [4 5 6] 9 [11 13] 14 [19 23] 29 30 [32 34 35] [41 42] [48 50] -55 -62 -64 -65 -67 -74 -75 -76 -82 -85 -89 -92
w11 :  [0 46] [25 53] [4 84 39] 41 8 9 93 81 44 85 15 [18 17] [19 60 21] 47 23 67 [65 2] 98 [90 42 92 82] [74 71 50] 20 40 [70 13] [97 45] [76 69 27 11 10] 5 [52 55] [57 58 59] [22 32 78 63] 64 66 [99 87] [35 68] 73 31 [80 88] 33 95 [12 34] 1 [3 6 7] 14 -16 -24 -26 -28 -29 -30 -36 -37 -38 -43 -48 -49 -51 -54 -56 -61 -62 -72 -75 -77 -79 -83 -86 -89 -91 -94 -96
w12 :  0 [21 2] 3 [69 68 83 14 80 9] [10 11] 60 [13 89 15] 57 40 85 36 [72 98 23 24 74] [16 55] 28 51 [30 91] 32 [56 94] 35 [77 8 39] [20 87] [43 44] 48 47 [49 50] [6 53] [54 33] [17 19] [67 37] 18 [88 70] [58 73] [81 84] [78 96 95 99 75] [12 5] 1 4 -7 -22 -25 -26 -27 -29 -31 -34 -38 -41 -42 -45 -46 -52 -59 -61 -62 -63 -64 -65 -66 -71 -76 -79 -82 -86 -90 -92 -93 -97
w13 :  0 42 2 [84 25 86 6] [56 8] 9 74 [88 18 13 14 15] [16 17 22] 94 58 91 [47 43 85 66] [27 70 71 93 59] 32 63 [34 36 21 48] 52 49 [12 28 76 81 78] [97 61] [95 68] [24 89] [60 64] [67 11] 72 73 79 1 80 30 [19 46] 87 [99 37] 83 26 [3 4] [5 7 10 20 23] 29 [31 33] [35 38 39] 40 41 -44 -45 -50 -51 -53 -54 -55 -57 -62 -65 -69 -75 -77 -82 -90 -92 -96 -98
w14 :  [0 22 2] 3 4 5 38 [90 8] 74 [10 11 12 13 25] [68 93 17 79] 36 9 [21 51] 24 [41 15] [94 71 75] 30 26 32 [53 34 35 37] 39 42 43 [44 96 46 29] [50 52] [70 55 57 58 59 40] 69 95 54 66 77 [78 86] 89 [64 84] 47 56 [65 6 72 98 99] 1 [7 14] 16 18 [19 20 23] 27 28 -31 -33 -45 -48 -49 -60 -61 -62 -63 -67 -73 -76 -80 -81 -82 -83 -85 -87 -88 -91 -92 -97
w15 :  [0 1] 21 14 81 87 [7 44 9] [10 25 12] [13 51] 40 [71 29] 18 19 [20 91] 75 [50 26] [61 39 77 49 68] 33 [34 35 95 37] 97 [74 45 99 22 84] [48 52] [59 56 60 83 4] [55 8 66] 36 31 [69 24 64] 72 73 57 [94 88 80] 82 [86 90] 53 [76 85 2 3] [5 6 11] 15 -16 -17 -23 -27 -28 -30 -32 -38 -41 -42 -43 -46 -47 -54 -58 -62 -63 -65 -67 -70 -78 -79 -89 -92 -93 -96 -98
w16 :  1 9 66 74 [5 62 7] 11 [63 77 24 29] [13 14 17] [16 18] [87 35] [21 3] 80 34 [76 95 42] 49 30 65 [36 19] [44 45] 39 [40 27] 58 46 83 26 68 51 52 [37 54] [75 59 55] [61 71 67 69 70 82] 50 57 [84 38 79] 28 88 [20 81] 56 53 99 [0 2] 4 [6 8 10 12] [15 22] [23 25 31 32 33] [41 43] [47 48] -60 -64 -72 -73 -78 -85 -86 -89 -90 -91 -92 -93 -94 -96 -97 -98
w17 :  [0 1 2 65] [4 34] [6 5] 8 60 [10 90] [95 39 14 46] 15 18 [40 21 23] [24 25] 26 [28 38] [63 42 35 36 57 13] [78 69 44 45 91 64] [88 59 98] 52 53 [55 58] [30 97 66] 9 68 [31 11] [85 74 75 22] 82 80 81 67 86 3 93 [92 29 99 71] [7 12] 16 [17 19] [20 27] 32 33 37 41 [43 47] 48 49 50 [51 54] -56 -61 -62 -70 -72 -73 -76 -77 -79 -83 -84 -87 -89 -94 -96
w18 :  0 [1 35 26 4 5] 88 51 [73 9 66] [71 12 13] 14 15 16 [47 18] [19 48 96 22] [76 34] 25 [27 84 29 52 32] [87 89] 99 [20 38] 39 [40 41 58 44] 2 [93 49] [50 79 69] [86 98 8] [61 63 64] 92 [11 68] 56 [45 90 75] 10 [23 82] 91 46 37 [78 3] [6 7 17 21 24 28] [30 31 33] [36 42] 43 53 [54 55] 57 [59 60] [62 65 67] [70 72 74] 77 80 [81 83] 85 -94 -95 -97
w19 :  71 [1 49 3] 53 [5 6 7] 16 [24 10 11] 13 60 [39 17 18] 2 [20 21 23] [67 48] 12 [32 9 64 26 34] [35 36] [37 38 27 42] 43 96 89 30 [93 92] 51 52 15 [54 50] 82 [78 58] [79 63] [88 91 8 75] [69 70] [99 97] [77 72] [95 83 84 87] [98 0 4 14] 19 [22 25 28] [29 31] [33 40] [41 44] [45 46] 47 55 56 57 [59 61 62] -65 -66 -68 -73 -74 -76 -80 -81 -85 -86 -90 -94
w20 :  0 76 88 [50 23] 25 54 7 8 [66 58] [62 12] [59 80] 15 [9 48] [18 78 11] [21 22 24 38] [26 27 28] 42 [49 33] [35 36 81] [69 31 40] [90 51] 60 [45 63 53] [52 55 56] 4 61 [30 65] [82 77] 99 2 84 [14 17 44 83] [87 70 5] [94 75 34 1] 3 [6 10 13 16] [19 20 29] 32 37 [39 41] [43 46 47 57] [64 67] [68 71] 72 73 [74 79 85] 86 89 [91 92 93] 95 96 97 -98
w21 :  0 86 29 60 [4 17] 85 11 [8 9] 10 [70 23 73 15 20] [18 56] [21 22] 36 25 30 99 28 [88 19] 57 [63 65 46] [42 26 52] 48 41 [55 40 45 64 90] [96 93 68] [53 38 66] [58 7 47 67] 82 71 [81 69] [98 76] 49 [5 27 84] [61 87 43 80 94] 92 33 [95 51] [79 1 2] 3 6 [12 13] 14 [16 24 31 32] 34 -35 -37 -39 -44 -50 -54 -59 -62 -72 -74 -75 -77 -78 -83 -89 -91 -97
w22 :  68 91 2 [3 65] 36 43 74 8 9 [10 11 12 13 14 19] [16 55] 18 85 [20 21] [22 87] [56 73 59 94 99] [30 48] 96 [79 35 72 92] [81 57] [40 63 44] [70 47 98 49 50] 51 [31 53 0] [95 17] [39 1] [66 67 5 88] 62 77 [15 80] 84 [89 90 75] 71 4 6 7 [23 24] [25 26 27 28] 29 [32 33] [34 37 38] 41 42 45 -46 -52 -54 -58 -60 -61 -64 -69 -76 -78 -82 -83 -86 -93 -97
w23 :  0 54 13 [70 18 99] [6 85 8] 64 65 1 21 14 15 16 17 [19 20] [46 76 89 24 25 26] [27 28] [52 53] [32 79] 48 36 [37 30 71] 40 81 [59 95] [47 22 44 9 96 88] [56 91] 68 93 [86 63] [75 67 69] 3 72 [51 43] 73 12 [97 83] 77 94 49 87 90 38 [2 4 5] [7 10] [11 23 29] 31 [33 34] 35 39 41 42 45 50 [55 57] -58 -60 -61 -62 -66 -74 -78 -80 -82 -84 -92 -98
w24 :  [0 29 2] [58 4 69] [6 41 8 9] 10 [11 12 13] 17 [15 52 81 32] [24 94] 22 [36 25] [71 51 28] [30 86] 56 66 37 [39 42] 43 53 57 55 [77 3] [79 89 38 60] [95 62 85] [64 16] 68 70 [63 73] [5 82] 47 44 40 46 [97 54] [92 93 34 1 7 14] 18 [19 20] 21 23 26 [27 31] [33 35] [45 48] 49 [50 59 61] [65 67 72] [74 75] 76 78 -80 -83 -84 -87 -88 -90 -91 -96 -98 -99
w25 :  [88 38] [2 97] [8 17] [6 7] 9 50 [57 82] 33 [28 27] 3 [98 18] [19 20 21] 22 26 [69 25] 83 [68 0] 31 34 13 [44 36] 53 81 80 85 [63 93 72] [84 47] 16 [49 60] 51 [52 76 54 10] 37 74 12 32 61 [91 71 56] [89 87] [64 73] [65 55] 77 62 79 59 [40 35] 29 [99 1 4 5] 11 14 -15 -23 -24 -30 -39 -41 -42 -43 -45 -46 -48 -58 -66 -67 -70 -75 -78 -86 -90 -92 -94 -95 -96
w26 :  50 1 24 53 [66 54] 6 7 [89 75 51 52] [13 14 55 34 92 18] 19 95 21 [49 70] [45 11] [26 27] 28 98 76 [48 46] 44 [62 36] 23 38 [81 61] 69 16 77 37 84 [63 73 86 65 74] 79 64 67 88 [93 71] [58 82] [87 3 83] [10 99 30] [35 29 15 32 39] 96 [33 0] [2 4 5 8 9] [12 17 20 22 25] 31 40 41 42 [43 47 56 57] [59 60 68 72] [78 80 85] [90 91] [94 97]
w27 :  0 1 [9 52 5] [6 75] 8 22 [10 90] [99 44 14] 37 31 88 [18 67] 23 [24 25 26] [27 53 29 33 48] 74 [34 95 4 35 38 39] 13 57 55 43 46 50 61 [73 80 71 60] [81 86 63 64] [65 66] [93 98] [36 87] [78 41] 82 [11 30 58 91] [85 49] [70 68] 12 [42 2] 3 [7 15] 16 [17 19] [20 21] [28 32 40] 45 47 -51 -54 -56 -59 -62 -69 -72 -76 -77 -79 -83 -84 -89 -92 -94 -96 -97
w28 :  [0 51 2] 75 4 5 31 [1 63] 9 87 [11 32] [89 15 48] [54 18] 38 [20 25 22 23 79] 26 52 [50 29] [71 99] [40 46 35 36] 88 [66 39 41] 34 [59 45 73] 13 [49 44] [37 56] 57 58 19 [47 61] [12 64] 69 [30 83] [96 76 77 70] 91 [90 93] [16 3] 6 [7 8 10] [14 17] 21 -24 -27 -28 -33 -42 -43 -53 -55 -60 -62 -65 -67 -68 -72 -74 -78 -80 -81 -82 -84 -85 -86 -92 -94 -95 -97 -98
w29 :  [10 1 56 3] 31 5 [21 98] [49 14 12] 20 [15 35] 17 18 [69 27] 23 24 [32 7 33] [52 60 71 58 96 37] [40 39 93 42] [38 51 87] 11 62 [48 50] [84 92] 67 [57 59 63] 94 76 [66 78] 70 99 [72 91 61 75] [54 88] 34 47 89 [77 90 16] 44 [95 0] [2 4] 6 8 [9 13] [19 22] 25 26 28 29 30 36 [41 43] 45 [46 53] 55 64 65 68 73 [74 79 80] 81 82 -83 -85 -86 -97
w30 :  0 8 17 [26 4 84 30] 62 63 [92 64 33 28] 69 [14 15 72 18 90 74] 21 [22 12] 85 25 [27 76] 43 [51 53 95] [48 36] [81 38 39 11 56] 66 [49 45 31] 52 [44 54] 97 [82 58 59 94 61] 65 46 [99 70] 77 20 [37 7] 87 40 [80 55] 83 [60 91] 98 [88 86 1] 2 3 [5 6 9] 10 -13 -16 -19 -23 -24 -29 -32 -34 -35 -41 -42 -47 -50 -57 -67 -68 -71 -73 -75 -78 -79 -89 -93 -96
w31 :  [0 61] 23 51 [4 5] [34 7] 8 [9 20] 11 6 14 67 [15 22] 17 [18 87 47] 21 [53 50] 27 36 92 31 [57 32] [90 93 56 85 65] [42 94 98] [45 19] [48 86 76 52 63 55] [58 68] [60 2 84 81] 69 82 64 74 [79 39] 78 44 41 83 38 [95 70] [59 80 10] [96 46] [71 1 3] [12 13 16] 24 [25 26] [28 29 30 33] 35 [37 40] [43 49] 54 62 [66 72] -73 -75 -77 -88 -89 -91 -97 -99
w32 :  5 [46 2] 14 [29 89] [50 60 68] [10 19 12 13 18] [57 16 17 53 83 22] [24 59 77] [56 28] [9 30 31] [81 38] 95 [35 36 86] [87 40] 80 [42 43 85 84] 49 47 [51 55 32] 15 [65 54 11 98 0] [72 48 78 74 1] [79 96] [39 23] [58 7] 93 [70 21 99] [3 4 6 8 20 25] 26 [27 33] [34 37] [41 44 45 52] -61 -62 -63 -64 -66 -67 -69 -71 -73 -75 -76 -82 -88 -90 -91 -92 -94 -97
w33 :  0 [1 64] 99 86 [5 27 53] 51 9 49 4 [12 13] 14 83 16 17 [18 19] [21 22 69] [24 25] 76 [44 92 48 32] [68 57] 36 37 [96 34] [40 89] 42 43 [79 46] 47 72 35 [81 55] 56 [58 60] 74 [15 66] [94 20] [70 28 26] [97 91] [90 87] [93 95] [2 3 6 7 8 10] 11 [23 29] -30 -31 -33 -38 -39 -41 -45 -50 -52 -54 -59 -61 -62 -63 -65 -67 -71 -73 -75 -77 -78 -80 -82 -84 -85 -88 -98
w34 :  [46 29] 2 [3 21 89] [93 30 8 9 24] [11 12 13 57 15] 17 [59 87 22 79] 25 [45 41] 28 [66 58] [75 36] 37 [38 39 95 50] [43 6 48 74] 53 [4 84 86 27] [78 64 47] 34 [68 69] 70 71 [54 55] [94 61] [77 44] [16 90 26 81] [0 83 67 10] 73 [5 1] [7 14 18] -19 -20 -23 -31 -32 -33 -35 -40 -42 -49 -51 -52 -56 -60 -62 -63 -65 -72 -76 -80 -82 -85 -88 -91 -92 -96 -97 -98 -99
w35 :  [0 16 2 3] 93 78 51 83 8 [9 21] 12 13 65 [34 76] 18 52 [20 22] 82 24 73 [85 19] [54 91] 80 7 [42 33 64] [86 37 28] [55 87] [72 75] 44 45 46 [47 77 49 50 26] [38 59] [60 61 62 97 6 14] 69 15 [71 79 81 84 88 90] [70 10] [1 4] 5 [11 17 23] 25 [27 29 30 31 32] 35 [36 39] [40 41 43 48] 53 56 57 58 63 66 [67 68 74 89] -92 -94 -95 -96 -98 -99
w36 :  [17 1 84 0 36] [30 31 52 13] [89 44 18] 51 [15 45] 61 [54 40 21] 53 [76 16 11 19] [39 70] [65 75] 59 [95 34] 77 99 38 28 66 42 [43 24] [20 58] 29 49 [67 83] [56 33] [98 62] [63 93 81] [69 79] 71 [96 91] [57 26] 88 7 86 [87 90] [47 25] [46 14] [2 3 4] [5 6] [8 9] [10 12 22 23 27] -32 -35 -37 -41 -48 -50 -55 -60 -64 -68 -72 -73 -74 -78 -80 -82 -85 -92 -94 -97
w37 :  48 26 2 [3 4 78 64] 60 [23 9 10] 11 [58 13 14 72] 8 [76 18 88 21 22 29] [25 27 73] 30 [95 74 81 38 7] [44 90 46 37] [42 43 98] [67 85 55] [91 53] 94 [56 75] [59 0 93] 66 65 [36 68 69 35] 71 [33 32 45] [80 52] [70 99] 34 41 [20 96 86 39 1] 5 [6 12] [15 16] 17 -19 -24 -28 -31 -40 -47 -49 -50 -51 -54 -57 -61 -62 -63 -77 -79 -82 -83 -84 -87 -89 -92 -97
w38 :  [0 1 2] [3 4 5 18 23] 31 48 63 29 [12 76 85] [26 38 36] 19 61 [98 24] 69 [46 88 73] 47 34 35 [50 66 42 57] [44 84 54 51 52] [65 41 58] 64 [60 74] 81 [67 90 79] 68 [25 72] [40 75] 96 15 11 [22 16 92] 32 [89 87 99] [91 9 93] 97 13 6 7 8 10 [14 17 20 21] [27 28 30 33] [37 39 43 45 49] [53 55] 56 -59 -62 -70 -71 -77 -78 -80 -82 -83 -86 -94 -95
w39 :  [57 1 85 83 91] [79 6 52] [20 47] [48 42 12] [13 26 15 39] 17 18 [84 70] [21 93 23] 24 33 [53 77 60 3] 14 [4 41] 35 [36 37] 38 [99 27] 51 95 [43 45] 97 25 88 32 [56 98] 58 90 [5 63] 54 66 [67 7] 71 75 [49 78 69 2] [82 96 59] 87 72 92 89 [0 8] [9 10 11 16 19] 22 [28 29] [30 31] 34 40 [44 46] [50 55 61] 62 64 65 [68 73 74] 76 -80 -81 -86 -94
w40 :  [0 66 52] [60 8] [39 21] 7 [18 77 11 12 59] [36 15] 33 [69 47 22] [93 83 28] 53 49 87 [95 75] 31 91 44 26 [38 25 99 85] 76 43 45 [46 58 48 50 37] [51 54] 56 [14 84] 23 70 63 [17 81 3 98] [40 90] 88 78 79 80 [73 86] 2 94 74 97 1 [4 5] 6 9 [10 13] [16 19 20] [24 27] [29 30] [32 34] 35 41 [42 55 57] [61 62 64] [65 67] 68 71 [72 82] -89 -92 -96
w41 :  98 54 2 [29 4] 5 [88 55 53] 78 48 11 36 69 87 [15 49] [17 18 19 20 21] 22 [23 76 59 92] 46 0 25 68 42 [63 72] [34 73] 9 39 45 [41 62] [38 64 47 61] [35 43] 51 52 [10 56] [57 58] 60 65 [66 70] [74 28 85] [81 82 83] 84 67 99 [93 33 8 1 3] [6 7 12 13] [14 16] 24 26 27 30 -31 -32 -37 -40 -44 -50 -71 -75 -77 -79 -80 -86 -89 -90 -91 -94 -95 -96 -97
w42 :  57 5 [2 83] [8 87] 1 [38 50] 9 10 [36 65] 13 [0 15 16 17] 18 19 93 21 67 35 23 25 12 [77 60] 42 [30 70 32] 4 75 72 [89 48 40 46] 55 53 44 45 47 [49 51] 90 81 [56 84] [85 28] [95 98 73] [94 22 43 29 71 99] [78 76] [91 96] [88 68 3 6 7] 11 14 20 [24 26] -27 -31 -33 -34 -37 -39 -41 -52 -54 -58 -59 -61 -62 -63 -64 -66 -69 -74 -79 -80 -82 -86 -92 -97
w43 :  [0 46] [2 54] [4 5 93] [43 63] [9 53 95 12 13 14] 15 16 [17 18] 19 [20 21] [81 35] [24 25] 26 27 61 30 40 [91 92 85 36 37] 68 [42 66 70 48] [49 98 51 64] 73 [56 32 94] [62 67 83] 79 [96 80] [76 75] 99 [22 87] 47 6 86 88 [1 3 7] [8 10] 11 23 28 29 31 [33 34] [38 39] 41 44 [45 50 52] 55 [57 58] -59 -60 -65 -69 -71 -72 -74 -77 -78 -82 -84 -89 -90 -97
w44 :  [12 23] [41 3] 46 5 [13 34 8 9 10] [11 6] [38 15] 0 [78 95 57] [21 22 25] [7 27 64 49] [30 79] [75 33] 69 [36 37 39 40 58 43] [44 76 47 48 4 28] 53 77 55 [56 71 32] 88 [52 98 89 14] [68 70] 80 [74 24] [59 82] 81 [17 93] [87 90 94 54 51] [1 2] 16 18 19 -20 -26 -29 -31 -35 -42 -45 -50 -60 -61 -62 -63 -65 -66 -67 -72 -73 -83 -84 -85 -86 -91 -92 -96 -97 -99
w45 :  0 [78 72] [48 3 52] [99 7] 8 81 60 67 [12 13] 87 [16 31] [19 85] 26 [83 77 39 50] 27 51 [5 2 74 33 34] [9 37] 38 [21 22] 14 90 6 [44 45] 40 47 [80 49] 82 54 55 28 [91 97 59 61] 32 [64 65 66] 76 [69 73] 84 18 [20 88 46] 70 [58 10] 1 4 11 15 17 [23 24] 25 29 30 35 -36 -41 -42 -43 -53 -56 -57 -62 -63 -68 -71 -75 -79 -86 -89 -92 -93 -94 -95 -96 -98
w46 :  5 1 [72 24 9 67] [21 71] 13 54 11 [91 14 0 16 44] [18 19 98] [23 84] 49 28 29 30 [45 48 33] 34 92 [77 79] 7 39 [95 43] 46 36 83 [65 8 88 38] 70 86 58 [59 53 26] [63 64] 66 [89 25] 17 [42 76] 69 [81 82 56] [93 51] [20 87] [35 61] 74 99 2 3 [4 6] [10 12 15 22 27] 31 32 [37 40] [41 47 50] 52 55 57 -60 -62 -68 -73 -75 -78 -80 -85 -90 -94 -96 -97
w47 :  [90 1 34 3 81 30] 6 84 8 9 [10 11] [38 13 14] 18 73 31 51 20 29 22 44 24 [25 26] [48 63] 91 85 [4 96 33] [35 36] 95 43 [55 42 39 45] 47 58 28 2 [88 53 87 66 61] [60 21] 12 [67 68] 86 64 93 [78 71 74 99 80 0] 83 56 [89 40 17 65] -5 -7 -15 -16 -19 -23 -27 -32 -37 -41 -46 -49 -50 -52 -54 -57 -59 -62 -69 -70 -72 -75 -76 -77 -79 -82 -92 -94 -97 -98
w48 :  0 [1 2] 29 [4 5 25 21] 19 [89 65] 35 91 [88 96 41] 75 [12 18 63] [36 40] [23 76 73 26] [77 48] [71 79 32] [70 86] [57 38 69] 58 [22 44] 45 [51 47] 50 [90 68 54] 66 [8 34] 61 [67 64] [83 99 13] 15 [95 9] 46 [81 30 84] [98 14 72] 93 97 [3 6 7 10] [11 16] 17 20 24 -27 -28 -31 -33 -37 -39 -42 -43 -49 -52 -53 -55 -56 -59 -60 -62 -74 -78 -80 -82 -85 -87 -92 -94
w49 :  39 [1 52 3 32 72] 67 [7 27 81] 63 92 [21 70 14] 15 [10 17] [18 11] [20 50 23 24 49 62] [66 0 51] [26 33] [34 36] 13 84 40 [16 42] [48 95 89] 79 [78 56 57] 58 75 [99 61] [90 65 59] [69 71 83 88] [77 53 97 85] 46 [60 43] 38 [12 37 2 4] [5 6 8 9 19] [22 25] -28 -29 -30 -31 -35 -41 -44 -45 -47 -54 -55 -64 -68 -73 -74 -76 -80 -82 -86 -87 -91 -93 -94 -96 -98
w50 :  0 [53 91 2] [4 8 39] [17 80] 5 [19 69 12] [1 59] [15 26 99 18] [45 94 21 58 7 24] [60 87 84 52] 30 [31 22 33] [34 48 36] [90 38 40] 11 16 [43 25] [54 47 49] [75 44] [77 82] [83 42] [37 62] 64 [3 66] [74 88 70] 35 86 98 14 [63 81] 51 85 23 [28 61] -93 -68 -97 -6 -9 -10 -13 -20 -27 -29 -32 -41 -46 -50 -55 -56 -57 -65 -67 -71 -72 -73 -76 -78 -79 -89 -92 -95 -96
w51 :  0 [87 2 3] 4 76 [63 7] 8 [17 69] [11 53] 88 [14 15 9] 18 19 [81 21] 5 [23 55] [25 20 27 92 29] 86 [75 72] [77 34 35] [36 67] [37 39] [65 41] [42 59 45 46] [47 58] [51 40] 52 56 57 [98 64 66 85] [84 99 32] [74 70] 93 82 [61 48] [71 22 1] 6 10 12 -13 -16 -24 -26 -28 -30 -31 -33 -38 -43 -44 -49 -50 -54 -60 -62 -68 -73 -78 -79 -80 -83 -89 -90 -91 -94 -95 -96 -97
w52 :  [0 98] 2 [38 71] 5 [35 83 8 50 21 68] 40 43 14 [15 16 60] [18 19 46 10 73] 23 59 [67 7 28 29] 30 [54 72] [90 88 44] 58 [91 51 81 22 95] [17 49 37] [53 65 55] [78 62 69] 77 63 [25 70] 6 47 94 74 [76 13 45] [96 3 11] 85 [87 39] 89 1 [57 9] [66 4] 12 [20 24 26 27] [31 32 33] 34 36 41 [42 48] [52 56] 61 64 75 79 80 -82 -84 -86 -92 -93 -97 -99
w53 :  [0 47 8 96 94] 34 12 50 22 [72 42] [81 18 14] 15 16 64 56 [19 97] 27 [54 76] 26 [49 95] [30 98] 32 45 75 36 [37 3 63 25] 39 21 [43 61] 91 48 23 51 [66 1] [35 87 73 90] 28 [24 46 33] 67 93 [69 70 52 6] 88 13 [77 74] 80 [57 83 86 85] [79 92 68] 2 4 5 [7 9] 10 11 [17 20 29 31 38 40] [41 44 53] 55 -58 -59 -60 -62 -65 -71 -78 -82 -84 -89 -99
w54 :  0 [70 39] [64 4] 41 30 98 8 57 [10 43] [12 15 16 71] [32 17] 18 [59 63 22 87 24] [25 5 49 28] 29 9 40 27 [42 34] [35 36] 55 [44 73] 46 [75 93] 50 94 79 53 6 [58 89 54 99] [56 82 66 68 74] 61 77 96 48 84 [2 85] 69 [21 38 37] 95 13 1 3 7 11 14 19 [20 23 26 31 33 45] -47 -51 -52 -60 -62 -65 -67 -72 -76 -78 -80 -81 -83 -86 -88 -90 -91 -92 -97
w55 :  [51 56] 72 [6 28 33 60] 8 77 2 [40 12] 85 49 74 [61 88 18] [19 20] [21 22] 55 24 9 26 35 [44 79 7 31] [91 34 89 38 39] [3 97 45 73] [47 10] [50 80] 52 [65 54 13] 75 [59 62 92] [84 66 64] 99 69 [87 76 81 78 82] [83 86 71 90] [96 68] 95 [41 0 1] 4 [5 11] [14 15 16 17] 23 -25 -27 -29 -30 -32 -36 -37 -42 -43 -46 -48 -53 -57 -58 -63 -67 -70 -93 -94 -98
w56 :  [89 84] [38 31] 34 [67 51 13] 7 [5 45 21] 4 39 [14 52 16] 59 88 44 [20 54] [24 63] 26 25 28 [83 30 1] [36 10 70 64 11] [42 43 46 91] [48 49] 66 [56 53] 87 27 97 [58 90] 76 62 61 65 71 [75 77 80 79] 81 [82 2 95] [32 98] 93 18 [0 3] 6 8 9 [12 15 17 19] [22 23] [29 33 35 37] -40 -41 -47 -50 -55 -57 -60 -68 -69 -72 -73 -74 -78 -85 -86 -92 -94 -96 -99
w57 :  [26 81 2 42 4] 5 [34 84] 48 [9 10 11] 80 [88 14 91] [98 38] [22 79] [21 58 90 95 25] 27 16 29 [53 31 73] 45 [35 36 86 39 60] 72 [97 43 78] [83 6] 52 44 [55 56 65] [59 46] [37 63 64] 66 [68 69] [1 0] [61 74 75] 93 [85 62 70] 3 [8 50 18 67] [99 7 12] [13 15] 17 19 20 [23 24] [28 30] 32 33 40 [41 47] [49 51 54 57] [71 76] 77 82 [87 89] -92 -94 -96
w58 :  0 77 [4 20 5 64 41] 82 9 17 [11 12 90] [98 15] 16 [50 18] [19 23] 70 32 [40 54] [25 51] [29 30] [52 65] [73 89 36 37] 38 39 [46 42 35] [13 63] 47 48 49 91 [57 66 96 75 21] [61 56 67 79] 74 [14 69] [99 44] 76 [97 83 85] [59 1] [88 2 7] [26 3] [6 8 10] [22 24 27 28 31 33] [34 43] [45 53 55 58] 60 [62 68] 71 [72 78] [80 81] -84 -86 -87 -92 -93 -94 -95
w59 :  [37 1 49] 3 [93 5] [62 7 87 30] [10 11] [12 75 20 60] 89 [88 18] 82 99 [21 25] 23 [24 26 27 83] [14 0] 32 [33 34 35 36] 38 39 40 [95 45 50 43] [53 52 77] 70 79 57 84 [58 19 17 63] [90 13 66 69] 71 72 [92 64] [85 31 51 67 91] 98 2 [4 6 8 9] -15 -16 -22 -28 -29 -41 -42 -44 -46 -47 -48 -54 -55 -56 -59 -61 -65 -68 -73 -74 -76 -78 -80 -81 -86 -94 -96 -97
w60 :  [0 44 85] [63 23] 52 [30 69] 12 [76 34] [3 58 59 15 55] 17 18 [60 32] [21 22] [39 28 99 54] 53 [8 64 90] 31 71 33 56 [36 37 38 51 40] [35 61 73] [45 87] 47 [48 49 43] [77 88] 27 [94 98 95] [66 65] 96 [83 4 62 50 75] [89 81 82 84] [46 16 91 92] [26 80] 1 [2 5] 6 [7 9 10] 11 13 [14 19 20] -24 -25 -29 -41 -42 -57 -67 -68 -70 -72 -74 -78 -79 -86 -93 -97
w61 :  [0 35] 5 [66 4 99] 7 8 64 [10 11 63] 56 [22 15 48] 17 41 [81 87 21 23] [29 19] 75 18 42 6 13 32 [95 27] [98 74 82 76] 69 [39 65 33 83 45] 84 [55 85] 28 36 52 58 [60 93] [46 25] 68 [71 70] 57 [73 61 78] [30 80 53 9] [88 2 34] 92 47 1 [3 12] 14 [16 20 24] [26 31] [37 38 40 43 44] [49 50 51 54 59] -62 -67 -72 -77 -79 -86 -89 -90 -91 -94 -96 -97
w62 :  87 [1 2] [3 37 5 18] [53 29] 9 [10 11] 15 [43 57 50] 94 [19 65] 21 [36 77] 24 25 [63 28 8 30 13] [51 34 59 35 85] 40 [83 68 95 49] [45 46] [47 23] [55 96] 84 89 [92 0 71] [99 73 67 52 70] 42 [72 22] 78 [79 80] [81 31] [27 12 17 86 98] [4 6] [7 14 16 20] [26 32 33] 38 [39 41 44] [48 54] [56 58] 60 61 62 [64 66] [69 74] [75 76] -82 -88 -90 -91 -93 -97
w63 :  [67 1] [2 68 32] [75 18 84] 8 [9 61 41 12 13] 56 [64 16] 17 [19 89 21] [22 24 28] [26 27] 47 [54 30] 38 [46 62] 34 52 36 [37 70] 69 [49 42] 43 90 48 81 53 [0 88] [76 77 87] 78 93 91 [66 15] 59 72 73 40 79 83 96 25 94 95 4 99 [3 5] [6 7] 10 11 [14 20 23] 29 [31 33 35 39 44 45] [50 51 55 57 58] [60 63] [65 71] 74 80 [82 85 86 92] 97 98
w64 :  25 [79 34 93] 4 [5 6 7 46] [2 10] [11 12] [9 71 15 51 13 19] 49 36 22 [24 68] [27 28] 30 77 [95 35] [37 38 39] 70 41 [42 43] 44 [91 90 74 52] [53 54 55] 57 58 50 8 69 [64 99] 56 [40 76 33] [94 1 18 48] 16 45 [89 66] 96 [87 0] [3 14 17] 20 21 [23 26] 29 31 [32 47] 59 -60 -61 -62 -63 -65 -67 -72 -73 -75 -78 -80 -81 -82 -83 -84 -85 -86 -88 -92 -97 -98
w65 :  [0 1 50] [55 52 3] [7 8] [9 10] [87 12] [13 33 93 53] 77 18 20 21 22 [25 26] [27 95] 31 [89 80] [35 61] 37 [38 39 82] 97 [60 68] [45 14] [44 48 49] [51 34] [57 73] [72 66 88] 28 [64 2 62 76] [91 71] 81 83 [79 84] 40 [85 69 65 11 56 59] [99 4 5] 6 [15 16] [17 19] 23 [24 29] -30 -32 -36 -41 -42 -43 -46 -47 -54 -58 -63 -67 -70 -74 -75 -78 -86 -90 -92 -94 -96 -98
w66 :  68 59 25 [47 62] [5 6] [24 32] 73 51 [11 7 13 65] [16 55 18] 28 [20 21 97] [88 79 26 45 70] 29 [30 61] [33 34 89 66 81 95] [39 43 53 1 44] 46 63 48 86 [52 54 40] 56 [84 17] [42 67] 72 69 74 49 36 76 [77 14 35 82 83] 98 71 87 [8 92] [93 19 99] 90 0 -2 -3 -4 -9 -10 -12 -15 -22 -23 -27 -31 -37 -38 -41 -50 -57 -58 -60 -64 -75 -78 -80 -85 -91 -94 -96
w67 :  0 67 2 [14 44 5 6] 21 [9 91 11] 81 [53 45] 18 24 [97 50 95 22 23] [25 34 27] 90 [29 30] [42 82] 33 [35 8 46] 38 [39 43] [88 47] [48 76] 57 74 55 26 [58 59] 60 [75 83 64 80] [68 1 71 4] 12 [93 31 86 32 36] 85 [98 62 10] [77 3] [7 13 15] 16 17 19 [20 28] [37 40] 41 49 [51 52 54 56] 61 [63 65] -66 -69 -70 -72 -73 -78 -79 -84 -87 -89 -92 -94 -96 -99
w68 :  [0 1] [2 45 4 76 46] [51 17] [9 90 49] 12 23 15 [74 55 75 19 73 48] 61 89 64 [88 47] [18 29] 34 70 22 [35 50 37] 38 91 41 [42 21 13 86] 54 56 [57 26] [77 87] 66 [67 68 69] [30 60 93 36] 94 [79 7 96] 52 [98 39] [78 92] 40 44 5 [99 3] [6 8 10] [11 14 16] -20 -24 -25 -27 -28 -31 -32 -33 -43 -53 -58 -59 -62 -63 -65 -71 -72 -80 -81 -82 -83 -84 -85 -95 -97
w69 :  0 [52 98] 21 [74 62 6] 7 [4 90 79 78] 12 13 14 [15 93] 99 18 85 20 [75 72 23] [24 25] [37 27 30 3] 8 89 95 35 10 [69 39 40] 41 42 [86 81 49] 48 [84 58 56] 57 19 60 61 [63 29] [67 59] [88 70 71] 9 [38 1] [43 83] [66 87 96 26 32 11] [51 2] 5 16 17 22 28 -31 -33 -34 -36 -44 -45 -46 -47 -50 -53 -54 -55 -64 -65 -68 -73 -76 -77 -80 -82 -91 -92 -94 -97
w70 :  [0 11 78 17 7] 82 [28 80 8] [50 46 43 15] [1 14 79 69 58] 70 60 [21 22 23 24 25] 94 27 31 [71 85] 33 39 53 [36 37] 38 [18 40] [42 57 45] 51 62 [47 48 49 77] [52 4] 54 56 [90 61] [83 84 86 66] [87 68] 30 [12 44] 26 [98 81 93 2] [88 35] [99 97] 3 [5 6 9 10] 13 [16 19 20] 29 32 34 [41 55 59 63] 64 65 [67 72 73 74] [75 76 89] -91 -92 -95 -96
w71 :  0 68 [32 20 4 5 6] 7 55 [42 10 11 34] 62 [56 15] 9 [17 18 73] [22 23] [40 36 29 27] [65 77 57] [61 47 93 37] [39 41] 8 [26 63] 81 90 76 [89 85] 52 53 46 58 [59 60 66] [92 99] 70 [71 98 74 48] [84 45 25] [12 80] [83 86 96 67 95 30] 87 1 2 3 [13 14 16] [19 21] [24 28] -31 -33 -35 -38 -43 -44 -49 -50 -51 -54 -64 -69 -72 -75 -78 -79 -82 -88 -91 -94 -97
w72 :  70 1 2 15 16 [5 6] 35 8 9 [10 11] 36 [49 40] 43 [47 18 19 68 30] 21 65 [98 94] [28 87 31 32 72] 54 13 [38 39 55 46] 48 [50 51 73 53 23] [96 74 60 24] [62 78] 59 64 83 17 82 85 76 77 [80 57 81 14] 95 90 [91 12 89] [75 99 0 3] 4 7 [20 22 25 26] [27 29] [33 34] [37 41 42] 44 45 -52 -56 -58 -61 -63 -66 -67 -69 -71 -79 -84 -86 -88 -92 -93 -97
w73 :  [0 52] 9 96 16 [81 51] [61 66] 27 86 [43 12 49] 14 [15 26 18] [20 21] [22 3 19 55 13] [47 59] 30 91 [74 82 34] [28 36] [37 69] 1 4 [87 64] 42 [72 65] 46 48 [58 70] 56 93 [54 99 2] 63 [53 67 68 78 76] 75 [85 79] [80 57 83] 88 90 [24 11 5] [6 7 8] 10 17 23 25 [29 31] [32 33 35] 38 39 40 -41 -44 -45 -50 -60 -62 -71 -73 -77 -84 -89 -92 -94 -95 -97 -98
w74 :  [0 32] [38 95] 4 5 34 8 [9 10] 11 [12 60] [15 16] 17 18 [24 21 69 23 25] [43 27] 28 [29 30 41] [33 89] 58 [37 6 93 42] [44 13 46] [47 50] [51 77 53] 54 [55 74 57 59] 49 [71 64 22] [70 3 73 14 39] [79 66 81 98] [90 68 63] [94 36 1] [2 7 19] [20 26 31 35] [40 45] [48 52 56] -61 -62 -65 -67 -72 -75 -76 -78 -80 -82 -83 -84 -85 -86 -87 -88 -91 -92 -96 -97 -99
w75 :  0 44 2 [3 12] 52 [9 7 8] 10 36 13 [85 81] [84 56 18] 59 [20 21 22] [31 26] [54 49] [14 47 27 38 76 51] [33 53 77] [16 66 82 37 40 78] [60 1 46] 57 [34 99 80 88 43] 61 83 28 [50 97 89] 69 86 [95 72 73 41 48] [62 87 90 91] 25 [35 30] [24 4] [5 6] 11 15 17 19 [23 29] 32 39 [42 45] [55 58] [63 64] [65 67] -68 -70 -71 -74 -75 -79 -92 -93 -94 -96 -98
w76 :  [31 67] [68 87] [45 63 5] 7 [8 42] [66 82] [96 39] [69 75 16 62 18] [19 20] 76 [97 79] 24 25 86 27 [28 93] 84 [48 65] 34 35 36 [55 38] 61 [81 72 43] [44 49 33] [80 3] [51 52] 56 [54 77 70] [1 59 21] 83 30 [95 71 37] [57 14] 11 88 [0 89] [29 15 26 32] [98 2] 4 [6 9] [10 12] [13 17 22] 23 [40 41 46] 47 50 [53 58] 60 [64 73] [74 78 85 90 91] [92 94 99]
w77 :  6 [1 2 72] 64 [97 19 8] 9 10 11 90 [39 35] 93 81 23 60 58 [27 22 24] [14 26] 48 91 30 [44 66 34] [36 68 46] 47 42 [43 65] [45 57 95] [96 38] [51 53 74] 55 3 73 61 85 [67 29 71 5] 4 98 [20 78 88] 82 33 13 [25 92 62 18] [99 0 7] 12 [15 16] 17 -21 -28 -31 -32 -37 -40 -41 -49 -50 -52 -54 -56 -59 -63 -69 -70 -75 -76 -77 -79 -80 -83 -84 -86 -87 -89 -94
w78 :  [0 1] 2 [37 4 19 60] [84 9 76] [11 12] [41 40] 88 16 [83 18] 46 [25 22 57] [79 98 26] 27 [66 44 30 50] 32 68 [35 36 38 39 42 3] 99 89 47 [48 67] [51 13 52 54 58 93] [15 91 90] [70 69] 71 [72 61] 77 73 [29 20 31] [5 56 96 10 97 6] [7 8] 14 17 [21 23] 24 [28 33 34] [43 45] [49 53] 55 -59 -62 -63 -64 -65 -74 -75 -78 -80 -81 -82 -85 -86 -87 -92 -94 -95
w79 :  0 [1 2 51 69] 5 [6 7 37 65] 10 [92 98 13] 14 [15 33] [17 18 20] [21 31] 23 [24 63 89 27] [34 60 32] 84 [36 85] 88 [38 93] [42 35] [39 83 75] 49 11 [52 95 57 53] [40 62] [94 72 67 70 71 28] 99 78 12 [43 30] 41 [46 87] 97 77 61 96 [3 4] 8 [9 16] 19 22 25 26 -29 -44 -45 -47 -48 -50 -54 -55 -56 -58 -59 -64 -66 -68 -73 -74 -76 -79 -80 -81 -82 -86 -90 -91
w80 :  0 35 3 65 97 94 [84 8 36] [64 76 11] 12 [85 87 54 49 81 18] 70 21 22 93 24 25 26 [48 28 75] 30 [33 45] 7 37 38 39 [80 89] 40 [15 44 46 47] [77 52] 66 56 13 58 59 60 [17 63] [51 69 27] [6 91 16 73] 83 86 [88 90 99] [1 2 4 5] [9 10 14 19 20] -23 -29 -31 -32 -34 -41 -42 -43 -50 -53 -55 -57 -61 -62 -67 -68 -71 -72 -74 -78 -79 -82 -92 -95 -96 -98
w81 :  [0 71 98] [55 4] 5 51 [7 18 84] [47 11] 43 52 42 [15 32 17] [19 20 21] [22 23] [24 25 26 41 53] 85 87 45 [35 36] 29 39 [70 82] [96 74] [34 56] [83 76] 81 27 [8 57 59] [95 48] 63 65 [78 68] [64 72 73 90] [62 80] [46 50 14 92 93] 3 9 [1 2] [6 10 12] 13 16 28 30 31 [33 37 38 40] 44 [49 54] [58 60] 61 [66 67] 69 75 77 [79 86] 88 89 91 -94 -97 -99
w82 :  [18 19 2] 72 [43 83] [23 54 9] 35 53 12 [13 78 15 16] 17 73 [21 10] [44 5 25 34 28 31] 30 [94 68] [51 49] [36 26] [38 87 95 58 89 74] [59 46] [47 48] 50 [97 22 55 70] [57 56 60] 41 [85 65] [96 99] 82 [27 7 29] 39 [3 64] [11 91 14] 6 40 98 [0 1 4] 8 -20 -24 -32 -33 -37 -42 -45 -52 -61 -62 -63 -66 -67 -69 -71 -75 -76 -77 -79 -80 -81 -84 -86 -88 -90 -92 -93
w83 :  0 [1 43 26 88] 27 6 [30 8 9] [39 12] [14 19] 16 17 [18 13 86] [48 93 36] 40 [28 37 38 4 77] [64 21] 42 61 [97 46] 81 49 [85 29 54 55] [56 79] [99 24 90 71 68 70] 66 [15 69] [76 67 20 87] [47 78 83 65 34] [91 58 22] 94 [95 60 2] 3 5 7 [10 11 23] 25 [31 32 33 35 41] 44 45 [50 51] [52 53] 57 59 62 [63 72] [73 74] 75 [80 82] 84 -89 -92 -96 -98
w84 :  [0 68] 2 3 54 37 [5 29] 12 9 [46 11 13 70 53] [17 44] 50 [51 21] 41 [33 24] 25 75 28 8 30 16 95 [93 58] 36 10 6 [39 89 43 65 64] [35 40] 42 [52 55 56 57 59] 20 [48 94] [4 85] 69 [22 71 67 74 23] [38 78] [79 99] 60 32 82 [49 63 27 77 84] [1 7 14] [15 18] [19 26 31] [34 45 47 61] [62 66 72 73 76] [80 81] [83 86 87 88 90 91] 92 [96 97] 98
w85 :  0 [69 34 3 52 18] [95 7] [8 72] 85 [12 21 13] 14 [2 16 19] 20 84 [49 62] 9 97 [28 48 76] [26 36 81] 51 65 10 [22 82 68 90] 41 55 [45 46] [83 33 50 77] [54 73 59] 60 61 [94 64 87] 66 88 1 [6 71] 5 [79 91] [80 86] 89 39 17 38 37 99 4 [11 15] 23 [24 25] 27 [29 30] [31 32] -35 -40 -42 -43 -44 -47 -53 -56 -57 -58 -63 -67 -70 -74 -75 -78 -92 -93 -96 -98
w86 :  [17 1 29] 58 [71 6] [13 8] 98 [64 93 45 14 7] 16 82 [84 19] 95 51 74 23 [24 79 88 30 53] [63 33] [34 35 37 42 39 40] [80 43] [59 44 62] [49 32] 52 86 [54 55 38] [31 73 76] 65 [66 83 47] 21 [70 87] 56 [77 27] 69 81 50 18 90 61 [96 11 99] 0 2 3 [4 5 9] 10 12 [15 20 22] [25 26] 28 36 [41 46] [48 57] [60 67 68] 72 75 78 -85 -89 -91 -92 -94 -97
w87 :  [0 43 2] 3 [55 5 93] [88 8] [9 10] [11 12 13] [14 92 70 65 18] [68 21 22] 26 24 25 85 [27 33 90] [64 74] 91 35 [53 34 30] [39 41 80 67] [6 44] [45 46] [47 48] 60 56 [4 71 58] [63 81 61] 75 [86 57] [78 95 31] [23 29 50] [36 98] [52 1] [97 66 7 15 16] [17 19 20] [28 32 37 38] [40 42 49 51] 54 -59 -62 -69 -72 -73 -76 -77 -79 -82 -83 -84 -87 -89 -94 -96 -99
w88 :  [0 89 2 88] [4 5] [14 70 9] 36 [56 12 23] 15 [39 18 19] [30 42] 22 11 [77 26] 49 [57 20 31] [75 98 34 35 1] [37 38] 40 41 47 [67 60 13] 48 [96 50 51 52] 54 66 58 [43 73] [61 62 91] 68 [69 84 79 74 90] 28 64 25 [82 83 99] [63 76 93] 97 44 3 [6 7] 8 10 16 17 [21 24] [27 29 32] -33 -45 -46 -53 -55 -59 -65 -71 -72 -78 -80 -81 -85 -86 -87 -92 -94 -95
w89 :  40 [1 69 3 71 5 6] [7 0 8] 10 26 12 13 38 [98 42 18] 37 20 21 [82 23] [24 25] 51 [89 30 92 72 32 60] [34 35] 36 [39 11 43 65 96] [50 84 49] 52 [67 14] [62 56] 57 93 [78 63] [85 70] 75 [95 61] 99 [77 79 16 88] [90 87] 2 64 97 [4 9] 15 [17 19] 22 [27 28] 29 31 [33 41 44] 45 46 47 48 [53 54 55 58 59] [66 68] 73 74 76 [80 81] [83 86 91] -94
w90 :  [0 30 65] 86 [24 62] [58 7] [8 69] 82 [27 12 84] 48 [23 17 18 33] [72 22 94] 80 [26 73 39] 71 87 [61 60] 52 [96 36] [88 38 91] [67 53] 31 [25 15] 47 [45 49] [50 83 54 2 56 63] [37 90 66 19 75] [11 40] [77 81 55 21] 44 93 [28 59 97] 99 [1 3] 4 [5 6] 9 10 13 14 [16 20 29] [32 34] [35 41] -42 -43 -46 -51 -57 -64 -68 -70 -74 -76 -78 -79 -85 -89 -92 -95 -98
w91 :  0 56 22 [3 4 7] 6 [8 9] [95 11] [55 12 18] 15 [97 17 57 61 21 23] [78 87] 59 [69 29] [28 77] [70 36] [2 40] 65 [88 41 84 89 74] [45 98] [76 80 31 58] 63 52 [53 94] [99 60] 72 [85 64 66] 67 68 [46 34] [5 81 82] [24 92 93] [37 47 73] [1 10] 13 [14 16] 19 20 [25 26 27 30] 32 -33 -35 -38 -39 -42 -43 -44 -48 -49 -50 -51 -54 -62 -71 -75 -79 -83 -86 -90 -91 -96
w92 :  0 [1 2 35 76 5 6] [70 18 81 10] 11 [51 50 22] 15 [19 17 72 21 7] [54 96 42] 38 [48 29 30] 36 [32 39] [45 55 24 40 23 78] 43 [77 46 47 49] 65 14 56 [57 60 95 94] [92 62] [73 71 31 68 74 80] [13 89 16] [9 8] [85 87] [98 27 53 99] 3 [4 12] 20 [25 26] 28 33 34 37 41 -44 -52 -58 -59 -61 -63 -64 -66 -67 -69 -75 -79 -82 -83 -84 -86 -88 -90 -91 -93 -97
w93 :  12 1 [2 26 79 51] [83 76 94 9] 44 [70 13] [14 64 16 17] 18 [19 88] [21 22] [35 6 93] [27 28] [81 7 37 34] [59 36] 49 96 [80 61 0 42] 43 90 89 [46 47 67] 54 [58 56] [25 5] [30 31 63 74] [8 72 15] [73 55] 91 78 92 86 [87 48 99 4 68] 66 [20 3 10] [11 23 24] 29 [32 33] 38 39 40 41 45 [50 52] [53 57] [60 62] 65 [69 71 75] 77 82 84 -85 -95 -97 -98
w94 :  [77 85] 30 3 [34 5] [12 59] 8 9 10 11 24 15 [16 64] 18 4 [20 94 22] [7 25] [84 2 40] 37 73 75 [33 66] [69 38 13] [53 41 93] 43 89 32 [46 21] 74 [49 36 51] [54 55 56 57 58] 27 60 [29 99] 70 0 71 [79 78] 44 82 52 96 [90 6] [95 98] 1 [14 17 19] [23 26 28 31] 35 [39 42 45 47 48] [50 61] [62 63] -65 -67 -68 -72 -76 -80 -81 -83 -86 -87 -88 -91 -92 -97
